+	力	辟	己	病	忧	益	欲	性	忠	志	众	患	博	修	安	乐	视	宗	变	劳	恕	生	义	谋	施	谷	学	观	文	小人	祭	惧	圣	相	失	畏	用	贫	衣	耻	孝	听	名	佞	庙	笃	气	国	老	辱	世	死	同	艺	达	和	居	亲	易	骄	丧	父	反	中	天	危	让	信	勇	器	行	乡	宽	加	俭	游	士	惑	君	恭	隐	色	识	乱	哀	道	怀	臣	服	心	爱	伐	惠	神	身	弟	内	慎	进	鬼	异	正	古	室	罪	愚	党	知	损	容	明	政	兴	利	敏	言	贵	退	才	治	善	位	德	命	敬	天命	泰	难	狂	民	免	近	蔽	宰	教	贤	辞	杀	兄	得	朝	亡	质	家	废	友	仕	直	长	人	美	归	简	荡	仁	止	过	诗	孙	怨	思	节	食	君子	礼	富	邦
力	0	0	0	0	1	0	1	0	0	1	1	1	0	1	1	0	0	0	0	0	0	0	0	1	0	0	2	0	2	0	0	0	0	1	0	0	2	1	1	0	2	0	0	0	0	0	0	1	0	0	1	1	1	0	0	1	0	1	1	0	0	1	0	2	0	1	0	2	0	0	2	0	0	1	0	0	0	1	1	0	0	1	0	1	0	3	0	1	2	0	1	1	0	2	2	1	1	0	0	1	0	0	1	1	0	0	0	0	0	0	0	0	0	0	0	2	0	0	0	0	0	0	2	1	0	0	0	0	0	0	0	1	0	0	0	1	1	1	0	0	1	0	0	1	2	1	0	0	0	1	1	0	0	0	3	1	1	0	1	0	0	0	1	1	0	0	1
辟	0	0	0	0	0	1	1	0	0	0	0	0	0	0	0	0	0	0	0	0	0	0	0	0	0	0	0	0	0	0	0	0	0	1	0	0	0	0	0	0	0	0	0	1	0	0	0	0	0	0	2	0	1	0	0	0	0	0	1	0	0	0	0	0	2	0	0	0	0	0	1	0	0	0	0	0	1	0	0	0	0	1	0	0	0	1	0	0	0	0	0	0	0	0	0	0	0	0	0	0	0	0	0	0	0	1	0	1	1	0	0	1	0	0	0	2	0	0	0	0	1	0	1	0	0	0	0	0	0	0	0	0	0	0	0	1	0	0	0	1	0	0	0	1	0	1	0	1	0	1	0	0	0	0	0	0	2	0	0	0	0	0	0	0	0	0	0
己	0	0	0	3	0	0	3	0	2	0	1	3	1	1	1	0	1	2	0	1	1	0	1	0	3	0	2	0	0	2	1	0	1	0	0	0	0	0	0	1	1	2	0	0	0	0	0	0	0	1	0	1	0	0	1	0	0	0	0	0	0	0	0	0	1	0	0	4	0	0	3	2	0	0	0	0	2	1	2	2	0	0	0	0	0	2	0	0	0	1	0	0	1	0	1	1	0	0	1	0	0	1	2	0	0	0	1	5	0	0	0	1	0	0	2	5	0	1	0	1	0	1	0	1	2	0	0	2	0	4	0	1	0	1	0	0	0	0	0	0	0	0	0	1	0	2	0	0	0	13	0	1	0	0	4	0	3	0	0	1	0	0	0	6	1	0	1
病	0	0	3	0	0	0	1	0	0	0	1	0	1	1	1	0	0	0	0	0	0	0	0	0	1	0	1	0	0	1	0	0	1	0	0	0	0	0	0	0	0	0	0	0	0	0	0	0	0	0	0	1	0	0	1	0	0	0	0	0	0	0	0	0	1	0	0	0	0	0	2	0	0	0	0	0	0	0	0	0	0	0	0	0	0	1	0	1	0	0	0	0	0	1	0	0	0	0	0	0	0	0	0	0	0	0	0	1	0	0	1	0	1	0	0	0	0	0	0	0	0	0	0	0	1	0	0	0	0	1	0	1	0	0	0	0	0	0	0	1	0	0	0	0	0	0	0	0	0	4	0	0	0	0	1	0	0	0	0	0	0	0	0	3	0	0	0
忧	1	0	0	0	0	0	1	0	0	0	0	2	0	2	1	2	0	0	0	0	0	1	1	2	0	0	2	0	1	0	0	3	0	1	1	0	1	2	0	0	1	0	0	0	0	0	0	1	1	0	1	1	0	0	0	1	0	0	0	0	0	1	0	2	1	1	0	0	2	0	0	0	0	0	0	0	0	2	0	1	0	0	0	0	0	2	0	1	1	0	0	1	0	0	0	1	3	0	0	0	0	0	0	0	0	0	0	3	0	0	0	0	0	0	0	1	1	0	0	0	1	0	2	1	1	0	0	0	0	0	0	2	0	0	0	1	1	0	1	0	0	1	0	1	0	0	0	0	0	5	0	0	0	0	2	1	1	0	1	0	0	0	3	5	1	1	1
益	0	1	0	0	0	0	1	0	0	0	0	0	0	0	0	1	0	0	0	0	0	1	0	0	0	0	1	0	0	0	0	0	0	0	0	0	0	0	0	0	0	0	0	1	0	0	0	0	0	0	1	0	0	0	0	0	1	0	0	1	0	0	0	0	0	0	0	0	0	0	1	0	0	0	0	1	0	0	0	0	0	0	0	0	0	1	0	0	0	0	0	0	0	0	0	0	0	0	0	0	0	0	0	0	0	0	0	1	3	0	0	0	0	0	0	0	0	0	0	0	2	1	0	1	0	0	0	0	0	0	0	0	0	0	0	1	0	0	0	0	0	0	0	0	0	2	0	1	0	1	0	0	0	0	0	0	0	0	0	0	1	1	1	0	2	1	0
欲	1	1	3	1	1	1	0	0	1	1	2	2	2	1	1	1	2	0	0	1	1	4	3	1	3	1	1	1	3	1	1	0	1	1	1	1	4	2	1	0	0	0	1	0	0	0	0	1	0	0	1	2	0	1	2	1	3	1	0	1	0	2	1	2	1	2	0	1	1	1	6	0	0	1	0	0	1	2	1	0	1	0	0	1	0	3	1	2	1	1	2	2	1	0	3	0	1	0	0	0	1	1	0	0	0	0	0	6	0	0	1	4	0	4	2	8	1	0	1	0	4	1	4	3	0	1	1	1	0	4	0	2	0	1	1	2	2	3	0	6	0	1	0	2	1	1	2	0	1	13	1	1	0	0	8	2	3	0	1	3	1	1	3	8	3	2	4
性	0	0	0	0	0	0	0	0	0	0	0	0	0	0	0	0	0	0	0	0	0	0	0	0	0	0	0	0	1	0	0	0	0	1	0	0	0	0	0	0	0	0	0	0	0	0	0	0	0	0	0	0	0	0	0	0	0	0	0	0	0	0	0	0	1	0	0	0	0	0	0	0	0	0	0	0	0	0	0	0	0	0	0	0	0	1	0	0	0	0	0	0	0	0	0	0	0	0	0	0	0	0	0	0	0	0	0	0	0	0	0	0	0	0	0	1	0	0	0	0	0	0	0	0	0	0	0	0	0	0	0	1	0	0	0	0	0	0	0	1	0	0	0	0	0	0	0	0	0	0	0	0	0	0	0	0	0	0	0	0	0	0	0	0	0	0	0
忠	0	0	2	0	0	0	1	0	0	0	0	0	0	0	0	0	1	0	0	1	1	1	2	1	0	0	2	0	1	0	0	0	0	0	0	0	0	0	0	0	1	1	0	0	0	1	0	0	0	1	0	1	0	0	0	0	2	0	0	0	0	0	0	0	0	0	0	7	0	0	3	0	0	0	0	0	0	1	1	2	0	2	0	0	0	2	0	1	0	0	2	0	0	0	1	0	0	0	0	0	1	0	0	1	0	0	0	1	0	0	1	2	0	0	0	2	0	0	0	0	2	0	1	0	4	0	0	1	0	1	0	0	0	0	2	0	0	0	0	2	0	0	0	0	0	4	1	0	0	3	0	0	0	0	2	1	2	0	0	0	1	0	0	2	1	1	2
志	1	0	0	0	0	0	1	0	0	0	0	0	1	0	2	1	0	1	0	2	0	1	1	0	1	0	3	1	0	0	0	0	0	1	0	0	0	0	2	1	1	0	0	0	1	1	0	1	1	1	0	0	1	1	1	0	3	0	0	0	0	2	0	2	0	0	1	1	1	0	4	0	0	1	0	1	2	2	0	0	2	0	0	0	0	5	1	0	1	1	0	1	0	0	2	0	0	0	0	0	2	0	0	0	0	0	0	2	0	0	0	0	0	0	0	3	0	0	0	0	2	0	1	1	1	1	0	0	0	2	0	1	0	0	0	0	0	1	0	0	1	0	0	0	2	1	0	0	1	3	0	1	0	0	4	0	0	0	0	1	1	0	1	1	1	0	1
众	1	0	1	1	0	0	2	0	0	0	0	0	1	1	0	0	1	0	0	1	0	0	0	0	1	0	1	0	1	0	1	0	1	0	0	1	1	0	1	0	1	0	0	0	0	0	0	1	0	0	1	0	0	0	2	0	1	2	0	1	1	0	0	1	3	0	0	3	0	0	3	1	2	0	1	0	0	0	0	1	0	0	0	0	0	0	0	1	0	1	2	0	2	0	0	1	0	0	0	0	1	1	0	0	1	0	0	1	0	1	0	3	1	1	2	1	0	1	0	0	2	0	1	1	0	0	2	0	0	3	0	1	1	0	1	1	0	1	0	3	0	0	0	0	1	0	0	1	0	6	1	1	1	0	6	0	1	0	0	1	0	0	1	2	1	2	0
患	1	0	3	0	2	0	2	0	0	0	0	0	0	1	1	0	0	0	0	0	0	1	0	1	0	0	0	0	1	0	0	0	0	1	2	0	1	1	0	0	0	0	0	0	0	0	0	1	0	0	1	1	0	0	0	1	0	0	0	0	1	0	0	1	2	1	0	0	0	0	0	0	0	0	0	0	0	0	1	1	0	0	0	0	0	1	0	1	1	0	0	1	0	0	0	1	2	0	0	0	0	0	0	0	0	0	0	3	0	0	0	0	0	0	0	1	1	0	0	0	0	1	1	1	1	0	0	0	0	0	0	1	0	0	0	0	1	0	1	2	0	1	0	1	0	0	0	0	0	4	0	0	0	0	0	1	1	0	1	0	0	0	0	3	1	1	1
博	0	0	1	1	0	0	2	0	0	1	1	0	0	0	0	0	0	0	0	0	0	0	0	0	1	0	4	0	3	0	0	0	1	0	0	0	1	0	0	0	0	0	1	0	0	1	0	0	0	0	0	0	0	0	1	0	0	0	0	0	0	0	0	1	0	0	0	0	0	0	0	0	0	0	0	0	0	0	0	0	0	0	0	0	0	0	0	0	0	1	0	0	0	0	0	1	0	0	0	0	0	0	0	0	0	0	0	0	0	0	0	0	0	0	0	0	0	0	1	0	1	0	0	0	0	0	0	1	0	1	0	2	0	0	0	1	0	0	0	0	0	0	0	0	0	0	0	0	0	2	0	0	0	0	2	0	0	0	0	0	1	0	1	1	3	0	0
修	1	0	1	1	2	0	1	0	0	0	1	1	0	0	2	0	0	0	0	0	0	0	1	1	0	0	1	0	1	0	1	0	0	1	0	0	2	1	0	0	0	0	0	0	0	0	0	2	0	0	2	0	0	0	0	1	0	2	0	0	1	0	0	2	1	1	0	1	0	0	3	0	1	0	0	1	0	1	0	0	0	1	0	0	0	0	0	2	1	1	0	1	0	0	1	0	1	0	0	0	0	0	0	0	1	0	0	0	0	0	0	1	1	0	1	1	0	0	0	0	3	0	3	2	1	0	0	0	0	1	0	1	1	0	0	0	1	0	0	2	1	0	0	1	1	0	0	0	0	5	0	1	1	0	1	1	2	0	1	0	0	0	1	2	0	1	1
安	1	0	1	1	1	0	1	0	0	2	0	1	0	2	0	3	1	1	0	1	0	1	0	1	1	1	2	1	1	0	0	0	0	2	0	0	1	1	2	0	0	0	0	0	1	0	0	2	1	0	1	0	1	0	0	1	3	0	0	0	1	1	0	1	1	1	1	1	1	0	0	0	0	1	0	0	0	0	0	1	0	0	0	0	0	1	2	1	2	0	1	2	0	0	0	0	1	1	0	0	1	1	0	0	0	0	0	2	0	0	0	0	0	1	1	4	0	0	0	0	1	0	1	0	1	0	0	0	0	1	1	1	0	0	0	0	1	0	0	0	0	0	0	1	0	1	0	0	2	4	0	1	0	0	2	1	1	0	1	0	0	0	2	5	2	0	2
乐	0	0	0	0	2	1	1	0	0	1	0	0	0	0	3	0	0	1	0	0	0	2	3	0	0	1	2	0	1	0	0	0	0	1	1	0	1	1	1	0	0	0	1	1	1	0	0	2	1	0	1	1	1	1	0	0	2	0	1	2	2	1	1	2	2	1	1	1	2	0	4	0	0	1	0	1	0	0	1	0	0	0	0	1	1	2	1	2	2	0	1	1	0	0	0	0	0	0	1	0	1	2	0	0	0	0	0	12	1	0	0	2	3	3	0	6	1	0	0	0	2	0	0	2	0	0	0	1	0	2	1	0	0	0	0	2	0	0	0	2	1	0	0	1	0	1	0	0	2	13	0	2	0	0	4	0	1	2	0	0	1	1	4	5	11	2	4
视	0	0	1	0	0	0	2	0	1	0	1	0	0	0	1	0	0	0	0	1	0	1	1	0	0	0	0	1	0	0	1	0	0	0	0	1	0	0	1	0	0	2	0	0	1	0	0	0	0	0	0	1	0	0	0	0	0	0	0	1	0	1	0	0	1	0	0	0	0	0	1	0	0	1	0	0	0	0	1	1	0	1	0	0	0	0	0	0	1	0	0	0	1	0	0	0	0	0	0	0	0	2	0	0	0	0	0	0	0	0	1	1	0	1	1	2	0	0	0	0	0	0	0	1	1	0	1	1	0	1	0	0	0	0	1	0	0	1	0	3	1	0	0	0	0	0	0	0	0	4	1	1	0	0	2	0	0	0	0	1	1	0	1	2	1	0	0
宗	0	0	2	0	0	0	0	0	0	1	0	0	0	0	1	1	0	0	0	0	0	0	1	0	0	0	1	0	0	1	0	0	0	1	1	0	0	0	0	2	1	1	0	0	4	0	0	1	0	2	0	0	1	0	0	0	1	1	0	0	1	0	0	0	0	0	1	2	1	0	1	1	0	1	0	0	1	0	2	1	0	0	0	0	0	1	0	0	1	0	0	0	0	0	0	1	0	0	0	0	1	0	1	1	0	0	1	1	0	0	0	1	0	0	0	6	0	0	0	1	0	0	0	1	0	0	0	0	0	1	0	1	0	1	0	1	0	0	0	1	2	0	0	1	0	0	0	0	1	3	1	1	0	0	0	0	0	0	0	0	0	0	0	1	2	1	1
变	0	0	0	0	0	0	0	0	0	0	0	0	0	0	0	0	0	0	0	0	0	0	0	0	0	0	0	0	0	0	0	0	0	0	0	0	0	0	1	0	0	1	0	0	0	0	0	0	0	0	0	0	0	0	0	0	2	1	0	0	0	0	0	1	0	0	0	0	0	0	0	0	0	0	0	0	0	0	0	0	0	1	0	0	0	1	0	0	1	0	0	0	0	0	0	0	1	0	0	0	0	1	0	0	0	0	0	0	0	1	1	0	0	0	0	2	0	0	0	0	0	0	0	0	0	0	0	0	0	0	0	0	0	0	0	0	0	0	0	0	0	0	0	0	0	0	0	0	0	0	0	0	0	0	0	0	0	0	0	0	0	0	1	1	0	0	0
劳	0	0	1	0	0	0	1	0	1	2	1	0	0	0	1	0	1	0	0	0	0	1	0	0	1	0	0	0	0	0	0	0	0	0	0	1	0	0	2	0	1	0	0	0	0	1	0	0	1	0	0	0	0	0	0	0	0	1	0	1	0	1	0	0	0	0	0	2	1	0	0	0	0	0	0	0	0	0	0	1	0	1	0	1	0	0	1	0	1	0	1	1	1	0	0	1	0	1	0	0	0	1	0	0	0	0	0	0	0	0	0	2	1	1	0	1	0	0	0	0	1	0	0	0	1	0	1	1	0	3	0	0	0	0	2	0	0	1	0	1	0	0	0	0	0	1	0	1	0	1	1	0	0	0	2	0	0	0	0	2	0	0	1	3	1	0	0
恕	0	0	1	0	0	0	1	0	1	0	0	0	0	0	0	0	0	0	0	0	0	0	0	0	1	0	0	0	0	0	0	0	0	0	0	0	0	0	0	0	0	0	0	0	0	0	0	0	0	0	0	0	0	0	0	0	0	0	0	0	0	0	0	0	0	0	0	0	0	0	1	0	0	0	0	0	0	0	0	0	0	0	0	0	0	1	0	0	0	0	0	0	0	0	1	0	0	0	0	0	0	0	0	0	0	0	0	0	0	0	0	0	0	0	0	1	0	0	0	0	0	0	0	0	0	0	0	0	0	0	0	0	0	0	0	0	0	0	0	0	0	0	0	0	0	0	0	0	0	2	0	0	0	0	0	0	0	0	0	0	0	0	0	0	0	0	0
生	0	0	0	0	1	1	4	0	1	1	0	1	0	0	1	2	1	0	0	1	0	0	2	0	0	1	1	0	1	0	2	0	0	0	1	1	0	0	1	0	3	0	0	0	1	0	0	0	0	0	0	5	0	1	0	1	2	0	0	0	1	1	0	0	5	1	0	1	1	0	4	0	0	1	0	0	1	1	1	2	0	1	0	1	1	2	1	0	2	0	2	0	0	1	1	3	1	1	0	1	1	1	1	0	0	0	0	6	0	0	0	0	0	1	1	3	1	0	0	0	0	1	2	4	1	0	0	1	0	1	2	0	0	0	0	1	0	1	1	1	1	1	0	1	0	0	0	1	0	6	0	0	0	0	3	0	0	0	0	0	1	0	3	4	4	2	1
义	0	0	1	0	1	0	3	0	2	1	0	0	0	1	0	3	1	1	0	0	0	2	0	0	0	1	2	1	1	3	2	0	0	0	1	0	1	0	0	1	0	1	0	0	0	0	0	0	1	1	0	1	0	1	2	0	3	1	0	0	1	0	1	1	1	2	0	5	3	0	6	0	0	0	0	0	2	1	1	3	2	2	0	2	1	3	0	1	1	0	1	0	1	1	1	0	0	0	0	2	1	0	0	0	0	0	0	3	0	0	2	0	0	2	0	6	1	0	0	0	2	0	2	2	5	0	0	3	0	3	0	1	0	0	0	0	0	1	0	2	0	0	2	1	1	0	1	1	1	5	0	0	0	0	2	1	1	0	1	0	3	1	2	7	4	2	1
谋	1	0	0	0	2	0	1	0	1	0	0	1	0	1	1	0	0	0	0	0	0	0	0	0	0	0	1	0	1	0	0	1	0	2	0	0	2	2	0	0	0	0	0	0	0	0	0	1	0	0	1	1	1	0	0	1	0	0	0	0	0	0	0	2	0	1	0	1	0	0	1	0	0	0	0	0	0	0	0	0	0	0	0	1	0	2	0	1	1	0	0	1	0	0	1	0	1	0	0	0	0	0	0	0	0	0	0	0	0	0	0	2	0	0	0	2	0	0	0	0	0	2	2	0	0	0	0	0	0	0	0	1	0	0	0	0	1	0	0	0	0	0	0	1	0	1	0	0	0	2	0	0	0	0	0	1	1	0	1	0	0	0	1	2	0	0	1
施	0	0	3	1	0	0	3	0	0	1	1	0	1	0	1	0	0	0	0	1	1	0	0	0	0	0	0	0	0	0	1	0	1	0	0	0	0	0	1	0	1	0	0	0	0	0	0	0	1	0	0	0	0	0	1	0	0	1	0	0	0	0	0	0	0	0	0	1	0	0	1	0	0	0	0	0	0	0	0	0	0	0	0	0	0	0	1	1	0	0	0	1	0	0	1	1	0	0	0	0	0	0	0	0	0	0	0	0	0	0	0	1	0	0	1	2	0	0	0	0	1	0	0	0	0	0	0	0	0	2	0	1	0	0	0	0	0	0	1	0	0	0	0	1	0	2	0	0	0	4	0	0	0	0	2	0	0	0	0	2	0	0	0	1	0	0	1
谷	0	0	0	0	0	0	1	0	0	0	0	0	0	0	1	1	0	0	0	0	0	1	1	0	0	0	1	0	0	0	0	0	0	0	0	0	0	0	1	1	0	0	0	0	0	0	0	0	0	0	0	0	0	0	0	0	1	0	1	0	1	1	1	0	1	0	0	0	0	0	1	0	0	0	0	0	0	0	1	0	1	0	0	1	0	2	1	1	0	0	1	0	0	0	1	0	0	0	0	0	0	0	0	0	0	0	0	1	0	0	1	0	0	0	0	0	0	0	0	0	0	0	0	0	0	0	0	0	0	0	1	0	0	0	0	0	0	1	0	1	0	0	0	0	1	0	1	0	1	1	0	0	0	0	1	1	0	0	0	0	0	1	2	2	1	0	1
学	2	0	2	1	2	1	1	0	2	3	1	0	4	1	2	2	0	1	0	0	0	1	2	1	0	1	0	1	6	3	0	0	1	1	1	0	2	2	0	2	1	0	2	1	1	2	0	1	1	0	0	3	1	0	1	0	5	1	4	0	0	2	0	3	2	1	1	7	2	0	4	0	0	2	0	0	0	1	2	0	1	1	4	2	0	7	0	0	2	1	2	0	0	0	1	5	0	2	0	0	2	2	1	1	0	1	0	7	0	0	1	1	2	0	2	8	1	1	0	0	2	0	2	2	1	1	0	0	1	4	0	1	1	1	0	2	0	0	0	2	0	3	0	0	0	2	1	1	1	9	0	1	0	1	4	0	4	2	0	2	3	0	3	10	5	1	2
观	0	0	0	0	0	0	1	0	0	1	0	0	0	0	1	0	1	0	0	0	0	0	1	0	0	0	1	0	0	0	0	0	0	0	0	0	0	0	0	0	1	1	1	0	0	0	0	0	0	0	0	0	0	0	1	0	2	0	0	1	1	2	0	0	0	0	0	1	0	0	3	0	1	0	0	0	1	0	1	0	0	1	1	0	1	2	0	0	0	0	0	0	0	0	0	0	0	0	0	0	0	0	0	0	0	0	1	1	0	0	0	0	1	0	0	2	0	0	1	0	0	0	0	0	1	0	0	0	0	0	0	0	0	0	0	0	0	0	0	0	0	0	1	1	0	0	0	1	0	4	1	0	0	0	2	0	1	1	0	1	0	0	0	1	1	0	1
文	2	0	0	0	1	0	3	1	1	0	1	1	3	1	1	1	0	0	0	0	0	1	1	1	0	0	6	0	0	1	0	0	0	1	0	1	1	1	0	1	1	0	1	0	0	0	0	1	0	0	1	1	1	1	0	1	0	1	0	0	1	0	0	1	3	2	0	2	1	0	4	0	0	0	0	0	0	0	1	0	0	0	1	0	0	2	0	2	1	0	1	1	0	0	0	1	1	0	0	0	0	0	0	0	0	0	0	1	0	0	0	1	0	1	1	5	0	0	1	0	1	0	2	1	0	0	0	0	0	1	0	1	0	0	1	1	1	0	0	3	0	1	2	1	0	1	0	0	0	7	0	0	0	1	2	1	2	0	1	0	1	0	0	6	5	0	1
小人	0	0	2	1	0	0	1	0	0	0	0	0	0	0	0	0	0	1	0	0	0	0	3	0	0	0	3	0	1	0	0	0	1	0	0	1	3	0	0	1	1	0	0	0	0	0	0	0	1	1	0	0	1	0	1	1	0	0	2	1	0	0	1	0	0	0	0	2	1	1	2	1	0	0	0	0	1	0	1	0	0	1	0	1	0	3	1	0	1	0	1	0	1	0	0	1	1	0	0	0	0	0	0	0	0	0	1	2	0	0	1	2	1	1	0	3	0	0	0	0	1	0	2	1	1	1	1	2	0	2	0	1	0	0	0	0	0	1	0	0	0	0	0	0	0	0	0	0	1	6	1	0	0	1	1	0	1	0	1	1	0	0	0	18	1	0	0
祭	0	0	1	0	0	0	1	0	0	0	1	0	0	1	0	0	1	0	0	0	0	2	2	0	1	0	0	0	0	0	0	0	0	0	1	0	1	0	0	0	1	0	0	0	1	0	1	1	0	0	1	2	0	0	0	0	0	1	0	0	2	0	0	1	1	1	0	1	1	0	2	0	1	1	0	0	1	0	1	0	0	1	0	1	1	0	0	1	1	1	0	0	0	1	0	0	0	0	0	1	0	2	0	0	1	0	0	0	0	0	0	1	1	0	2	1	0	0	0	0	1	0	0	3	1	0	0	0	0	2	0	0	1	0	0	0	0	0	0	3	1	0	0	1	1	1	0	0	0	2	0	2	1	0	2	0	1	0	0	1	1	0	3	0	1	1	1
惧	0	0	0	0	3	0	0	0	0	0	0	0	0	0	0	0	0	0	0	0	0	0	0	1	0	0	0	0	0	0	0	0	0	0	0	0	1	0	0	0	0	0	0	0	0	0	0	0	0	0	0	1	0	0	0	0	0	0	0	0	0	1	0	0	0	0	0	0	2	0	1	0	0	0	0	0	0	2	0	0	0	0	0	0	0	1	0	0	0	0	0	0	0	0	0	0	1	0	0	0	0	0	0	0	0	0	0	3	0	0	0	0	0	0	0	0	0	0	0	0	0	0	0	0	0	0	0	0	0	0	0	0	0	0	0	0	0	0	0	0	0	0	0	0	0	0	0	0	0	0	0	0	0	0	2	0	0	0	0	0	0	0	0	2	0	0	0
圣	0	0	1	1	0	0	1	0	0	0	1	0	1	0	0	0	0	0	0	0	0	0	0	0	1	0	1	0	0	1	0	0	0	0	0	1	0	0	0	0	0	0	0	0	0	0	0	0	0	0	0	0	0	1	1	0	0	0	0	0	0	0	0	0	1	0	0	0	0	0	0	0	0	0	0	1	0	0	0	0	0	0	0	0	0	1	0	0	0	0	0	0	0	0	0	1	0	0	1	0	0	1	0	0	0	0	0	2	0	0	0	0	0	0	0	2	0	1	0	0	1	0	0	0	0	1	1	1	0	1	0	1	0	1	0	0	0	0	0	1	0	1	0	0	0	0	0	0	0	5	0	0	0	0	2	0	1	0	0	0	0	0	0	4	0	0	0
相	1	1	0	0	1	0	1	1	0	1	0	1	0	1	2	1	0	1	0	0	0	0	0	2	0	0	1	0	1	0	0	0	0	0	0	0	1	1	0	0	0	0	0	0	1	0	0	2	0	0	1	1	2	0	0	1	1	0	0	0	0	0	0	1	2	1	1	0	1	0	0	0	0	1	0	0	0	0	0	0	0	0	0	0	0	2	0	1	2	0	0	1	0	0	0	0	1	0	0	0	1	0	0	0	0	0	0	2	0	0	0	0	0	0	0	3	0	0	0	0	0	0	1	0	0	0	0	0	0	2	0	2	0	0	0	0	1	1	0	0	0	0	0	2	0	0	0	0	1	2	0	1	0	0	1	1	1	0	1	0	0	0	0	2	1	0	2
失	0	0	0	0	1	0	1	0	0	0	0	2	0	0	0	1	0	1	0	0	0	1	1	0	0	0	1	0	0	0	1	0	0	0	0	0	0	0	0	1	0	0	0	0	0	0	1	1	0	1	1	1	0	0	0	0	0	1	0	0	0	0	0	0	2	0	0	1	0	0	0	0	0	0	0	0	1	0	1	2	0	1	0	1	1	2	1	1	0	0	0	1	0	0	0	1	1	0	0	0	0	1	0	0	0	0	0	3	0	0	0	1	0	0	0	4	1	0	0	0	1	0	0	2	2	0	0	0	0	2	0	1	0	0	0	0	0	0	1	4	0	2	0	0	0	0	1	0	0	3	0	1	0	0	2	0	0	0	0	0	0	0	1	1	4	1	1
畏	0	0	0	0	0	0	1	0	0	0	1	0	0	0	0	0	1	0	0	1	0	1	0	0	0	0	0	0	1	1	0	0	1	0	0	0	0	0	1	0	0	0	0	0	0	0	0	0	0	0	0	2	0	0	0	0	0	0	0	1	1	0	0	0	1	0	0	0	0	0	0	0	0	0	0	0	0	0	0	0	0	0	0	0	0	0	0	0	0	0	0	0	1	0	0	0	0	0	0	0	0	1	0	0	0	0	0	2	0	0	0	1	0	1	0	1	0	0	0	0	0	0	0	0	0	1	1	0	0	1	0	0	0	0	1	0	0	1	0	2	0	0	0	0	0	0	0	0	0	3	1	0	0	0	1	0	0	0	0	1	0	0	0	2	0	0	0
用	2	0	0	0	1	0	4	0	0	0	1	1	1	2	1	1	0	0	0	0	0	0	1	2	0	0	2	0	1	3	1	1	0	1	0	0	0	1	1	1	0	0	0	1	0	0	0	3	2	0	2	1	0	0	0	2	0	1	1	0	1	0	0	2	1	1	0	3	0	0	4	0	1	1	0	0	0	0	1	0	0	0	0	0	0	5	0	2	2	2	2	1	0	0	2	0	1	0	1	0	0	0	0	0	1	0	0	2	0	0	0	2	1	0	1	2	1	0	0	0	2	0	2	1	2	0	0	1	0	4	0	1	1	0	0	1	1	1	0	1	0	0	0	1	1	0	0	0	0	6	1	1	1	0	3	1	2	0	1	1	0	2	2	4	3	1	1
贫	1	0	0	0	2	0	2	0	0	0	0	1	0	1	1	1	0	0	0	0	0	0	0	2	0	0	2	0	1	0	0	0	0	1	0	0	1	0	0	1	0	0	1	0	0	1	0	1	0	0	1	1	0	0	0	1	1	0	1	2	0	0	0	2	1	2	0	1	1	0	0	0	0	0	0	0	0	0	0	0	1	0	0	2	0	3	0	1	1	0	0	1	0	0	0	0	1	0	0	0	0	0	0	0	0	0	0	1	0	0	0	0	0	0	0	2	2	0	0	0	1	0	1	0	0	0	0	1	0	0	0	1	0	0	0	0	1	0	0	1	0	0	0	1	0	0	0	0	0	3	0	0	0	0	2	1	1	1	1	1	0	0	2	3	1	4	2
衣	1	0	0	0	0	0	1	0	0	2	1	0	0	0	2	1	1	0	1	2	0	1	0	0	1	1	0	0	0	0	0	0	0	0	0	1	1	0	0	2	1	0	0	0	0	0	0	0	1	0	0	0	0	0	0	0	3	0	0	1	2	1	0	0	1	0	0	1	0	0	0	1	0	0	0	0	1	0	1	0	0	1	0	0	0	2	2	0	2	0	1	1	1	1	2	0	0	0	1	1	0	1	0	1	0	0	1	0	0	0	1	1	0	1	0	1	0	1	0	0	1	0	0	1	0	0	1	0	0	1	1	0	0	1	2	0	1	2	0	1	1	0	0	0	0	1	0	0	1	1	2	0	0	0	2	0	1	0	0	1	0	0	4	4	1	1	0
耻	0	0	1	0	0	0	0	0	0	1	0	0	0	0	0	0	0	2	0	0	0	0	1	0	0	1	2	0	1	1	0	0	0	0	1	0	1	1	2	0	1	0	0	0	0	1	0	0	0	2	0	1	0	0	0	0	1	1	0	0	0	0	0	0	1	1	0	3	0	0	2	1	0	0	0	0	2	0	1	2	1	1	0	1	0	5	0	0	0	0	0	0	0	0	1	1	0	0	0	0	0	0	1	0	0	0	1	0	0	0	0	2	0	0	1	5	1	0	0	0	1	0	1	1	0	0	0	0	0	1	1	1	0	0	0	0	0	0	0	0	0	0	0	0	0	1	0	0	0	2	0	0	0	0	0	0	1	0	0	1	0	0	1	1	2	1	2
孝	2	0	1	0	1	0	0	0	1	1	1	0	0	0	0	0	0	1	0	1	0	3	0	0	1	0	1	1	1	1	1	0	0	0	0	0	0	0	1	1	0	0	0	0	0	0	0	0	0	1	0	1	0	0	0	0	0	1	0	0	0	5	0	0	0	0	0	2	0	0	3	1	0	0	0	0	1	0	1	0	0	1	0	1	0	3	0	1	2	0	1	0	0	1	0	6	0	0	0	1	0	0	0	1	0	0	1	0	0	0	0	3	0	0	0	2	0	0	0	0	1	0	0	1	2	0	0	2	0	1	0	0	0	0	1	0	0	0	1	0	0	0	0	0	0	1	0	0	0	3	1	0	0	0	2	0	0	0	0	0	0	0	2	1	1	0	0
听	0	0	2	0	0	0	0	0	1	0	0	0	0	0	0	0	2	1	1	0	0	0	1	0	0	0	0	1	0	0	0	0	0	0	0	0	0	0	0	0	0	0	0	0	0	0	0	0	0	0	0	0	0	0	0	0	0	0	0	0	0	0	0	0	1	0	0	1	0	0	1	0	0	0	0	0	0	0	1	1	0	1	0	0	0	1	0	0	0	0	0	0	0	0	0	0	0	0	0	0	0	0	1	0	0	0	0	0	0	0	1	0	0	0	1	5	0	0	0	0	0	0	1	0	1	0	0	1	0	0	0	0	0	1	0	0	0	0	0	1	0	0	0	0	0	0	0	0	0	4	0	1	0	0	1	0	0	0	0	0	1	0	0	2	1	0	0
名	0	0	0	0	0	0	1	0	0	0	0	0	1	0	0	1	0	0	0	0	0	0	0	0	0	0	2	1	1	0	0	0	0	0	0	0	0	1	0	0	0	0	0	0	0	0	0	0	0	0	1	0	0	0	0	0	0	0	0	0	0	1	0	1	1	0	0	0	0	0	1	0	0	0	0	0	0	0	2	0	0	0	1	0	0	1	0	0	0	0	0	0	0	0	0	1	0	0	0	0	0	1	0	0	0	0	0	1	0	0	0	1	2	0	0	1	1	0	0	0	0	0	0	0	0	0	0	0	0	2	0	0	0	0	0	0	0	0	0	1	0	0	0	0	0	0	0	0	0	1	0	0	0	1	1	0	0	1	0	1	0	0	1	3	1	1	0
佞	0	1	0	0	0	1	0	0	0	0	0	0	0	0	0	1	0	0	0	0	0	0	0	0	0	0	1	0	0	0	0	0	0	0	0	0	1	0	0	0	0	0	0	0	0	0	0	0	0	0	1	0	0	0	0	0	0	0	0	0	0	0	0	0	0	0	0	0	0	0	1	0	0	0	0	0	0	0	0	0	0	0	0	0	0	0	0	0	1	0	0	0	0	0	0	0	0	0	0	0	0	0	0	0	0	0	0	1	1	0	0	0	0	0	0	0	0	0	0	0	1	0	0	0	0	0	0	1	0	1	1	0	0	1	0	0	0	0	0	0	0	0	0	0	0	1	0	1	0	3	1	0	0	0	1	0	0	0	0	0	0	0	0	0	0	0	1
庙	0	0	0	0	0	0	0	0	0	1	0	0	0	0	1	1	1	4	0	0	0	1	0	0	0	0	1	0	0	0	1	0	0	1	0	0	0	0	0	0	0	0	0	0	0	0	0	1	0	0	0	0	1	0	0	0	1	0	0	0	1	0	0	0	0	0	1	0	1	0	1	0	0	2	0	0	0	0	1	0	0	0	0	0	0	1	0	0	2	0	0	0	0	0	0	0	0	0	0	0	1	1	0	1	0	0	0	2	0	0	0	0	0	0	0	3	0	0	0	1	0	0	0	1	0	0	0	0	0	1	0	0	0	0	0	1	0	0	0	1	3	0	0	1	0	0	0	0	1	2	1	1	0	0	0	0	0	0	0	0	0	0	1	1	2	1	1
笃	0	0	0	0	0	0	0	0	1	1	0	0	1	0	0	0	0	0	0	1	0	0	0	0	0	0	2	0	0	0	0	0	0	0	0	0	0	1	0	1	0	0	0	0	0	0	0	0	0	0	0	1	0	0	0	0	1	1	0	0	0	0	0	1	1	1	0	3	1	0	1	0	0	0	0	0	0	0	0	1	1	1	0	2	0	2	0	0	0	0	0	0	0	0	0	0	0	1	0	0	0	0	0	0	0	0	0	0	0	0	0	0	1	0	0	1	1	0	0	0	1	0	1	0	1	0	0	0	0	1	0	1	0	0	0	0	0	0	0	0	0	1	0	0	0	0	0	1	0	0	0	0	0	0	2	0	0	0	0	0	1	0	0	2	1	1	2
气	0	0	0	0	0	0	0	0	0	0	0	0	0	0	0	0	0	0	0	0	0	0	0	0	0	0	0	0	0	0	1	0	0	0	1	0	0	0	0	0	0	0	0	0	0	0	0	0	1	0	0	1	0	0	0	0	0	0	0	0	0	0	0	1	0	0	0	1	0	0	1	0	0	0	0	0	0	0	0	0	0	4	0	1	1	1	0	0	0	0	0	0	0	0	0	0	0	0	0	0	0	2	0	0	0	0	0	0	0	2	0	0	0	0	0	3	1	0	0	0	1	1	0	0	0	0	0	0	0	0	0	1	0	0	0	0	1	0	0	2	0	0	0	0	0	0	0	0	0	1	0	0	0	0	0	0	1	0	0	0	0	0	1	2	0	0	0
国	1	0	0	0	1	0	1	0	0	1	1	1	0	2	2	2	0	1	0	0	0	0	0	1	0	0	1	0	1	0	1	0	0	2	1	0	3	1	0	0	0	0	0	0	1	0	0	0	0	0	3	0	1	0	0	1	1	1	0	0	1	0	0	2	2	1	2	2	1	0	1	0	1	1	0	0	0	0	0	0	0	0	0	0	0	2	0	3	2	1	1	2	0	0	0	0	1	0	0	0	1	0	0	1	1	0	0	2	0	0	0	2	1	0	1	3	0	0	0	1	1	0	1	2	1	0	0	0	0	3	0	1	1	1	0	0	1	0	0	1	1	0	0	2	1	0	0	0	1	5	0	2	1	0	2	1	2	0	1	0	0	1	1	2	3	1	2
老	0	0	0	0	1	0	0	0	0	1	0	0	0	0	1	1	0	0	0	1	0	0	1	0	1	0	1	0	0	1	0	0	0	0	0	0	2	0	1	0	0	0	0	0	0	0	1	0	0	0	0	1	0	0	0	0	0	0	0	0	0	0	0	0	0	0	0	2	0	0	1	0	0	0	0	0	0	0	0	0	0	1	0	0	0	0	1	0	1	0	0	1	0	0	0	1	0	0	0	0	0	0	0	0	0	0	0	1	0	0	0	0	0	0	0	1	0	0	0	0	1	0	0	0	1	0	0	0	0	1	0	0	0	0	0	0	0	0	0	1	0	0	0	0	0	1	0	0	1	1	0	0	0	0	0	0	0	0	1	0	0	0	1	1	1	0	0
辱	0	0	1	0	0	0	0	0	1	1	0	0	0	0	0	0	0	2	0	0	0	0	1	0	0	0	0	0	0	1	0	0	0	0	1	0	0	0	0	2	1	0	0	0	0	0	0	0	0	0	0	0	0	0	0	0	1	1	0	0	0	0	0	1	0	0	0	2	0	0	2	1	0	0	0	0	1	0	2	1	1	0	0	0	0	1	0	0	0	0	0	0	0	0	1	1	0	0	0	0	1	0	0	0	0	0	1	0	0	0	0	1	0	0	0	3	0	0	0	0	1	0	0	1	0	0	0	0	0	1	0	1	0	0	0	0	0	0	0	0	0	0	0	0	1	2	0	0	0	1	0	0	0	0	0	1	0	0	0	0	0	0	0	0	1	0	0
世	1	2	0	0	1	1	1	0	0	0	1	1	0	2	1	1	0	0	0	0	0	0	0	1	0	0	0	0	1	0	1	0	0	1	1	0	2	1	0	0	0	0	1	1	0	0	0	3	0	0	0	0	1	0	0	1	0	1	1	0	1	0	0	2	3	1	0	1	0	0	2	0	1	0	0	0	1	0	0	0	0	1	0	0	0	2	0	3	1	1	0	2	0	0	0	0	1	0	0	0	0	0	0	1	1	0	0	2	1	0	0	3	1	0	1	2	0	0	0	0	1	0	1	2	0	0	0	1	0	1	1	1	1	0	0	1	1	0	0	1	0	0	0	1	1	0	0	0	0	4	1	1	1	0	2	1	3	0	2	0	0	0	1	2	2	1	1
死	1	0	1	1	1	0	2	0	1	0	0	1	0	0	0	1	1	0	0	0	0	5	1	1	0	0	3	0	1	0	2	1	0	1	1	2	1	1	0	1	1	0	0	0	0	1	1	0	1	0	0	0	0	0	0	1	1	0	0	0	2	1	0	0	8	1	0	4	0	0	5	0	0	0	0	0	1	1	0	2	1	1	0	1	2	6	0	1	0	0	1	0	0	1	0	4	1	1	0	1	1	1	1	0	0	0	0	3	0	1	0	1	0	0	0	3	3	0	1	0	3	0	3	3	1	0	0	0	0	4	0	1	0	0	0	1	1	2	1	7	1	3	0	1	0	1	0	0	1	8	0	1	0	1	5	0	1	0	1	0	0	0	1	4	2	3	2
同	1	1	0	0	0	0	0	0	0	1	0	0	0	0	1	1	0	1	0	0	0	0	0	1	0	0	1	0	1	1	0	0	0	2	0	0	0	0	0	0	0	0	0	0	1	0	0	1	0	0	1	0	0	0	0	1	1	0	1	0	0	0	0	0	1	0	1	0	1	0	1	0	0	1	0	0	1	0	1	0	0	0	0	0	0	3	0	1	1	0	0	0	0	0	0	0	0	0	1	0	1	0	1	0	0	0	1	3	0	0	0	0	0	0	0	1	0	1	0	0	0	0	0	0	0	0	0	0	0	1	0	0	0	0	0	0	0	0	0	0	0	0	0	0	0	0	0	0	1	3	0	1	0	0	0	0	2	0	0	0	0	0	0	3	2	0	1
艺	0	0	0	0	0	0	1	0	0	1	0	0	0	0	0	1	0	0	0	0	0	1	1	0	0	0	0	0	1	0	0	0	1	0	0	0	0	0	0	0	0	0	0	0	0	0	0	0	0	0	0	0	0	0	1	0	0	0	0	0	0	0	0	0	1	1	0	0	1	0	0	0	0	0	0	1	0	0	0	0	0	0	0	0	0	1	0	0	0	0	0	0	0	0	0	0	0	0	0	0	0	0	0	0	0	0	0	2	0	0	0	1	0	1	0	1	0	0	0	0	0	0	1	1	0	0	0	0	0	0	0	0	0	1	0	0	0	0	0	0	0	0	0	0	0	0	0	0	0	1	0	0	0	0	1	0	0	0	0	0	1	0	0	1	1	0	0
达	0	0	1	1	0	0	2	0	0	1	2	0	1	0	0	0	0	0	0	0	0	0	2	0	1	0	1	1	0	1	0	0	1	0	0	0	0	0	0	0	0	0	0	0	0	0	0	0	0	0	0	0	0	1	0	0	2	0	0	0	0	1	0	0	2	0	0	0	0	0	2	1	0	0	0	0	1	0	0	0	1	1	0	0	0	1	0	0	0	0	1	0	0	0	0	0	0	0	0	0	0	0	0	0	0	0	0	2	0	0	0	3	0	1	0	2	0	1	0	0	1	0	0	0	0	0	0	0	0	1	0	1	0	1	0	0	1	0	0	0	0	0	1	1	0	0	0	2	0	6	0	0	0	0	3	0	0	1	0	1	0	0	0	1	0	1	2
和	1	0	0	0	1	0	1	0	0	0	0	1	0	1	1	0	0	0	0	0	0	1	0	1	0	0	0	0	1	1	0	0	0	1	0	0	2	1	0	0	0	0	0	0	0	0	0	1	0	0	1	1	1	0	0	0	0	0	0	0	0	0	1	1	1	1	0	0	0	0	2	0	0	0	0	0	0	0	0	1	0	0	0	0	1	2	0	1	1	0	0	1	0	0	0	0	1	1	0	0	0	0	0	0	0	0	0	2	0	0	0	0	0	0	0	2	1	0	0	0	1	0	1	0	0	0	0	0	0	0	0	1	0	0	0	1	1	0	0	1	0	0	0	2	0	0	0	0	0	2	1	0	0	0	0	1	1	0	1	0	0	1	0	3	1	0	2
居	0	0	0	0	0	1	3	0	2	3	1	0	0	0	3	2	0	1	2	0	0	2	3	0	0	1	5	2	0	0	0	0	0	1	0	0	0	1	3	1	0	0	0	0	1	1	0	1	0	1	0	1	1	0	2	0	0	1	0	0	3	1	0	2	3	1	1	2	3	1	7	0	1	1	0	0	3	0	0	1	3	2	0	2	1	4	2	0	3	0	1	0	0	0	2	0	1	1	0	0	2	2	0	1	0	1	0	4	0	1	1	2	0	1	1	8	1	0	0	0	5	1	1	1	3	0	0	1	1	3	1	0	1	0	0	1	0	1	0	0	1	0	1	1	1	1	0	3	2	5	1	2	1	1	5	0	0	0	1	0	0	1	3	8	4	2	4
亲	1	0	0	0	0	0	1	0	0	0	2	0	0	2	0	0	0	1	1	1	0	0	1	0	1	0	1	0	1	0	1	0	0	0	1	0	1	0	0	1	1	0	0	0	0	1	0	1	0	1	1	0	0	0	0	0	1	0	0	0	2	0	0	3	1	0	0	3	1	0	2	0	1	0	0	1	0	1	0	2	0	1	0	1	0	0	0	2	1	1	1	0	0	0	2	1	1	1	0	0	0	1	0	0	1	0	0	0	0	1	0	1	2	0	1	3	0	0	0	0	3	0	1	1	0	0	0	0	0	2	0	1	1	0	0	0	0	0	0	2	1	0	0	0	1	0	0	1	0	4	0	1	1	0	3	0	1	0	0	1	0	0	2	3	2	1	0
易	1	1	0	0	0	0	0	0	0	0	0	0	0	0	0	1	0	0	0	0	0	0	0	0	0	1	4	0	0	2	0	0	0	0	0	0	1	1	0	0	0	0	0	0	0	0	0	0	0	0	1	0	1	0	0	0	0	0	0	1	2	1	0	0	1	0	0	1	0	1	1	0	0	1	1	0	1	0	2	0	0	1	0	0	0	3	0	1	0	0	1	0	0	0	1	0	0	0	0	0	0	0	0	0	0	0	0	2	0	0	0	0	1	0	0	3	0	0	0	0	1	0	0	0	0	0	0	3	0	1	0	0	0	0	0	1	0	0	0	1	0	0	0	0	0	1	0	0	0	4	0	0	0	0	0	0	2	0	0	1	0	0	0	2	2	1	1
骄	0	0	0	0	0	1	1	0	0	0	1	0	0	0	0	2	1	0	0	1	0	0	0	0	0	0	0	1	0	1	0	0	0	0	0	1	0	2	1	0	0	0	0	0	0	0	0	0	0	0	0	0	0	0	0	0	0	0	1	0	0	0	0	0	0	0	0	0	0	0	0	0	0	0	0	1	0	0	0	0	0	0	0	0	0	1	0	0	0	0	0	0	1	0	0	0	0	0	0	0	0	1	0	0	0	0	0	1	1	0	0	1	0	1	0	1	0	0	1	0	1	0	0	0	0	0	2	1	0	1	0	0	0	0	1	1	0	1	0	1	0	0	0	0	0	1	0	0	0	2	2	0	0	0	1	0	0	1	0	2	0	1	0	2	2	2	0
丧	0	0	0	0	0	0	0	0	0	0	1	1	0	1	1	2	0	1	0	0	0	1	1	0	0	1	0	1	1	0	2	0	0	0	0	1	1	0	2	0	0	0	0	0	1	0	0	1	0	0	1	2	0	0	0	0	3	2	2	0	0	2	0	1	5	1	0	1	0	0	1	0	2	0	1	0	1	0	1	0	0	0	0	0	3	2	1	2	1	1	1	0	0	0	1	0	0	0	0	0	0	0	0	0	1	0	0	1	0	0	0	1	2	0	1	2	0	0	0	1	2	0	0	2	2	0	0	1	0	1	1	0	1	0	0	0	0	1	1	4	1	0	0	0	1	0	0	0	1	4	0	1	1	0	2	1	1	0	0	0	1	0	3	3	3	1	1
父	1	0	0	0	1	0	2	0	0	2	0	0	0	0	1	1	1	0	0	1	0	1	0	0	0	1	2	2	0	0	0	1	0	0	0	0	0	0	1	0	5	0	1	0	0	0	0	0	0	0	0	1	0	0	1	0	1	0	1	0	2	0	0	1	1	0	0	2	0	0	2	0	0	0	0	1	1	1	4	0	1	1	1	0	0	4	1	3	0	0	1	0	0	0	1	1	0	0	1	0	2	0	0	0	0	0	1	1	0	0	0	3	1	1	0	2	0	1	0	0	1	0	0	0	1	0	0	1	0	0	1	0	0	1	0	1	0	0	2	2	0	0	0	0	0	1	0	2	0	4	0	0	0	0	1	1	0	1	0	2	0	0	2	1	1	0	1
反	0	0	0	0	0	0	1	0	0	0	0	0	0	0	0	1	0	0	0	0	0	0	1	0	0	1	0	0	0	1	0	0	0	0	0	0	0	0	0	0	0	0	0	0	0	0	0	0	0	0	0	0	0	0	0	1	0	0	0	0	0	0	0	0	0	0	0	0	0	1	1	0	0	0	1	0	0	0	2	0	1	0	0	1	0	1	0	1	0	0	0	0	0	0	1	0	0	0	0	0	0	1	0	1	0	0	0	2	0	0	1	0	0	0	0	0	0	0	0	0	1	0	0	0	0	0	0	0	0	0	0	0	0	0	0	0	0	1	0	2	0	0	0	0	1	0	1	0	1	3	1	1	0	0	0	1	0	0	0	0	1	1	1	2	1	0	1
中	2	0	0	0	2	0	2	0	0	2	1	1	1	2	1	2	0	0	1	0	0	0	1	2	0	0	3	0	1	0	1	0	0	1	0	0	2	2	0	0	0	0	1	0	0	1	1	2	0	1	2	0	0	0	0	1	2	3	0	0	1	1	0	0	1	1	0	1	0	0	6	0	1	0	0	0	0	0	0	0	2	2	0	0	0	3	0	2	2	1	0	1	0	0	2	0	2	1	1	0	2	2	0	0	2	0	1	1	0	2	0	2	2	0	1	8	1	0	0	0	2	1	2	2	0	0	0	0	1	4	1	2	1	0	0	0	1	0	1	2	0	0	0	1	4	0	0	1	1	4	0	1	1	0	2	1	3	0	1	0	1	0	4	4	1	2	2
天	0	2	1	1	1	0	1	1	0	0	3	2	0	1	1	2	1	0	0	0	0	5	1	0	0	1	2	0	3	0	1	0	1	2	2	1	1	1	1	1	0	1	1	0	0	1	0	2	0	0	3	8	1	1	2	1	3	1	1	0	5	1	0	1	0	1	1	3	0	0	6	1	2	0	0	0	1	0	1	3	1	0	0	2	1	7	1	4	1	1	2	1	1	0	0	1	1	1	0	0	0	0	0	0	2	0	0	7	0	0	0	2	1	0	3	5	2	1	1	1	4	0	4	3	1	0	0	1	0	4	1	0	1	1	0	1	0	1	1	9	0	1	0	2	1	0	0	1	0	12	0	3	1	2	6	0	2	0	0	1	0	0	2	8	4	4	2
危	1	0	0	0	1	0	2	0	0	0	0	1	0	1	1	1	0	0	0	0	0	1	2	1	0	0	1	0	2	0	1	0	0	1	0	0	1	2	0	1	0	0	0	0	0	1	0	1	0	0	1	1	0	1	0	1	1	0	0	0	1	0	0	1	1	0	0	1	1	0	1	0	0	0	0	0	1	0	0	0	1	0	0	1	1	2	0	1	1	0	0	1	0	0	0	0	1	0	0	0	0	0	0	0	0	0	0	1	0	0	0	0	0	1	0	3	1	0	0	0	1	0	1	2	1	0	0	0	0	0	0	1	0	0	0	0	1	0	0	1	0	0	0	1	0	0	0	0	0	2	0	0	0	0	0	1	1	0	2	0	2	0	0	1	1	1	3
让	0	0	0	0	0	0	0	0	0	1	0	0	0	0	1	1	0	1	0	0	0	0	0	0	0	0	1	0	0	0	0	0	0	1	0	0	0	0	0	0	0	0	0	0	1	0	0	2	0	0	0	0	1	0	0	0	1	0	0	0	0	0	0	0	1	0	0	0	1	0	0	0	0	1	1	0	0	0	0	1	0	0	0	0	0	0	0	0	1	0	0	0	0	0	0	0	0	0	0	0	2	0	0	0	0	0	0	1	0	0	0	1	0	0	0	1	0	0	0	0	0	0	1	0	0	0	0	0	0	2	0	0	0	0	0	0	0	0	0	2	0	0	0	0	0	0	0	0	1	2	0	1	0	0	1	0	0	0	0	0	0	0	0	2	2	0	2
信	2	0	4	0	0	0	1	0	7	1	3	0	0	1	1	1	0	2	0	2	0	1	5	1	1	0	7	1	2	2	1	0	0	0	1	0	3	1	1	3	2	1	0	0	0	3	1	2	2	2	1	4	0	0	0	0	2	3	1	0	1	2	0	1	3	1	0	0	1	0	9	1	2	0	0	0	1	1	4	2	1	2	0	2	1	4	1	2	1	1	3	1	1	0	2	2	0	0	0	0	1	1	2	1	1	1	1	3	0	1	0	4	1	0	2	9	2	0	0	0	5	0	2	2	3	0	0	0	2	5	0	2	2	0	1	2	1	0	0	4	0	1	1	0	1	5	1	2	0	9	0	1	1	1	4	0	4	0	1	0	0	1	3	4	3	3	2
勇	0	0	0	0	2	0	1	0	0	1	0	0	0	0	1	2	0	1	0	1	0	1	3	0	0	0	2	0	1	1	1	2	0	1	0	0	0	1	0	0	0	0	0	0	1	1	0	1	0	0	0	0	1	1	0	0	3	1	0	0	0	0	0	0	0	1	1	1	0	0	1	0	0	1	0	0	0	2	0	1	0	0	0	4	0	2	0	0	1	0	0	0	0	0	0	0	0	1	0	1	1	0	0	0	0	1	0	6	0	0	0	0	1	1	0	4	0	0	0	0	0	0	1	1	0	0	0	0	1	2	0	0	1	0	0	0	0	0	0	0	0	0	0	0	0	0	0	3	1	4	0	1	0	1	6	0	1	0	1	0	1	0	0	5	4	0	1
器	0	0	0	0	0	0	1	0	0	0	0	0	0	0	0	0	0	0	0	0	0	0	0	0	0	0	0	0	0	1	0	0	0	0	0	0	0	0	0	0	0	0	0	0	0	0	0	0	0	0	0	0	0	0	0	0	1	0	1	0	0	0	1	0	0	0	0	0	0	0	0	0	0	0	1	0	1	0	1	0	0	0	0	0	0	1	0	0	0	0	0	0	0	0	0	0	0	0	0	0	0	0	0	0	0	0	0	1	0	0	0	0	0	1	0	0	0	0	0	0	1	0	0	0	0	0	0	1	0	0	0	0	0	0	0	1	0	0	0	1	0	0	0	0	0	1	0	0	0	1	0	1	0	0	1	0	0	0	0	0	0	0	0	2	1	0	2
行	2	1	3	2	0	1	6	0	3	4	3	0	0	3	0	4	1	1	0	0	1	4	6	1	1	1	4	3	4	2	2	1	0	0	0	0	4	0	0	2	3	1	1	1	1	1	1	1	1	2	2	5	1	0	2	2	7	2	1	0	1	2	1	6	6	1	0	9	1	0	0	1	2	1	0	0	3	2	3	3	4	3	0	1	1	12	0	3	2	1	1	1	2	0	4	2	0	2	2	0	1	3	0	1	1	0	1	7	0	1	3	5	3	1	3	19	1	1	1	0	3	2	1	6	3	0	0	2	1	6	0	0	1	1	1	1	0	1	1	8	3	0	2	2	4	0	1	2	1	19	1	2	2	0	5	1	5	0	2	2	1	2	3	10	3	1	5
乡	0	0	2	0	0	0	0	0	0	0	1	0	0	0	0	0	0	1	0	0	0	0	0	0	0	0	0	0	0	1	0	0	0	0	0	0	0	0	1	1	1	0	0	0	0	0	0	0	0	1	0	0	0	0	1	0	0	0	0	0	0	0	0	0	1	0	0	1	0	0	1	0	0	0	0	0	1	1	1	0	0	0	0	0	0	0	0	0	1	0	1	0	0	0	0	1	0	0	1	0	0	0	0	0	0	0	3	1	0	0	0	1	0	0	0	4	0	2	0	0	1	0	1	1	0	0	0	1	0	0	0	0	0	1	1	0	1	0	0	0	1	0	0	0	0	0	0	1	0	5	0	0	0	0	1	0	0	0	0	0	0	0	0	1	0	2	0
宽	0	0	0	0	0	0	0	0	0	0	2	0	0	1	0	0	0	0	0	0	0	0	0	0	0	0	0	1	0	0	1	0	0	0	0	0	1	0	0	0	0	0	0	0	0	0	0	1	0	0	1	0	0	0	0	0	1	1	0	0	2	0	0	1	2	0	0	2	0	0	2	0	0	0	0	0	0	0	0	1	0	0	0	0	1	0	0	1	0	1	0	0	1	0	0	0	0	0	0	0	0	0	0	0	1	0	0	0	0	0	0	1	1	0	2	0	0	0	0	0	1	0	0	1	1	0	0	0	0	1	0	0	1	0	0	0	0	0	0	2	0	0	0	0	1	0	0	0	0	2	0	1	1	0	2	0	1	0	0	0	0	0	1	0	1	1	0
加	1	0	0	0	0	0	1	0	0	1	0	0	0	0	1	1	1	1	0	0	0	1	0	0	0	0	2	0	0	0	1	0	0	1	0	0	1	0	0	0	0	0	0	0	2	0	0	1	0	0	0	0	1	0	0	0	1	0	1	0	0	0	0	0	0	0	1	0	1	0	1	0	0	0	0	0	0	0	1	0	0	0	0	0	0	0	0	0	2	0	0	0	0	0	1	0	0	0	0	0	1	1	0	0	0	0	0	1	0	0	0	0	0	0	0	1	0	0	0	0	0	0	0	1	0	0	0	0	0	1	0	0	0	0	1	0	0	0	0	0	1	0	0	0	0	0	0	0	1	2	0	1	0	0	1	0	1	0	0	0	0	0	1	1	1	1	1
俭	0	0	0	0	0	0	0	0	0	0	1	0	0	0	0	0	0	0	0	0	0	0	0	0	0	0	0	0	0	0	0	0	0	0	0	0	0	0	0	0	0	0	0	0	0	0	0	0	0	0	0	0	0	0	0	0	0	0	1	0	1	0	1	0	0	0	1	0	0	1	0	0	0	0	0	0	0	0	1	1	0	0	0	0	0	0	0	0	0	0	0	0	0	0	0	0	0	0	0	0	1	0	0	0	0	0	0	1	0	0	0	1	0	0	0	0	0	0	0	0	0	0	0	0	0	0	1	0	0	0	0	0	0	0	0	0	0	0	0	2	0	0	0	0	0	0	0	0	0	1	0	1	0	0	0	0	0	0	1	0	0	0	0	0	3	0	2
游	0	0	0	0	0	1	0	0	0	1	0	0	0	1	0	1	0	0	0	0	0	0	0	0	0	0	0	0	0	0	0	0	1	0	0	0	0	0	0	0	0	0	0	0	0	0	0	0	0	0	0	0	0	1	0	0	0	1	0	1	0	1	0	0	0	0	0	0	0	0	0	0	0	0	0	0	0	1	0	0	0	0	0	0	0	3	0	0	0	0	0	0	0	0	1	0	0	0	1	0	0	0	0	0	0	0	0	0	1	0	0	0	0	0	0	1	0	1	0	0	2	0	2	0	0	0	0	0	0	0	0	0	0	0	0	1	0	0	0	1	1	0	0	0	0	1	0	0	0	3	0	0	0	0	1	0	1	0	0	0	0	1	0	1	1	0	0
士	0	1	2	0	0	0	1	0	0	2	0	0	0	0	0	0	0	1	0	0	0	1	2	0	0	0	0	1	0	1	1	0	0	0	1	0	0	0	1	2	1	0	0	0	0	0	0	0	0	1	1	1	1	0	1	0	3	0	1	0	1	1	0	0	1	1	0	1	0	1	3	1	0	0	0	0	0	0	1	0	0	1	0	0	2	5	1	0	0	0	0	0	0	0	1	2	0	0	0	0	0	0	0	0	0	0	1	1	0	0	0	1	0	1	0	2	0	0	0	0	1	0	0	2	1	0	0	0	0	1	0	0	0	0	0	1	0	1	1	2	0	0	1	1	0	2	0	2	0	5	0	0	0	0	4	0	1	0	0	0	1	0	1	0	0	1	3
惑	1	0	1	0	2	0	2	0	1	2	0	0	0	1	0	0	0	0	0	0	0	1	1	0	0	0	1	0	0	0	0	2	0	0	0	0	0	0	0	0	0	0	0	0	0	0	0	0	0	0	0	1	0	0	0	0	0	1	0	0	0	1	0	0	0	0	0	1	2	0	2	1	0	0	0	1	0	0	0	0	0	0	0	0	0	2	0	0	0	1	1	0	0	0	1	0	0	0	2	0	1	0	0	0	0	0	0	3	0	0	0	0	0	0	0	1	0	2	0	0	1	0	2	1	0	1	0	1	0	0	0	0	0	0	0	0	0	0	1	1	2	0	0	0	1	0	0	0	0	3	0	0	0	0	2	0	0	0	0	0	0	0	0	1	0	1	0
君	1	0	2	0	0	0	1	0	1	0	0	1	0	0	0	1	1	2	0	0	0	1	1	0	0	1	2	1	1	1	1	0	0	0	1	0	1	0	1	1	1	1	2	0	1	0	0	0	0	2	0	0	1	0	0	0	0	0	2	0	1	4	2	0	1	0	0	4	0	1	3	1	0	1	1	0	1	0	0	0	1	2	1	1	0	2	0	5	1	0	0	0	0	0	2	1	0	0	2	0	2	1	1	0	0	0	2	4	0	0	1	2	2	0	0	5	0	2	0	0	2	0	0	3	1	0	0	1	0	1	0	0	0	1	0	1	0	1	0	3	3	1	0	0	1	2	1	0	1	7	0	1	0	1	0	2	1	1	0	1	0	1	4	2	4	0	3
恭	0	0	2	0	1	0	0	0	2	0	1	1	0	0	1	0	1	1	0	1	0	2	3	0	0	0	0	0	0	0	0	0	0	0	2	0	0	0	0	2	0	1	0	0	0	1	0	0	0	1	0	2	0	0	0	1	1	2	0	0	0	0	0	0	3	0	1	2	1	0	3	0	1	0	1	0	0	0	0	0	0	2	0	1	1	2	0	0	0	0	0	0	2	0	0	1	1	2	0	0	1	1	0	0	0	0	0	1	0	0	1	1	1	0	1	4	1	0	0	1	0	0	0	1	4	0	0	1	0	2	0	1	0	0	0	1	0	0	1	4	0	1	0	1	0	1	0	1	0	5	0	0	0	0	3	0	0	0	0	1	1	0	0	5	3	1	2
隐	0	0	0	0	0	0	1	0	0	2	0	0	0	0	0	0	0	0	0	0	0	0	2	0	0	1	1	0	0	0	0	0	0	0	0	0	0	1	0	1	0	0	0	0	0	1	0	0	0	1	0	1	0	0	1	0	3	0	0	0	0	1	1	2	1	1	0	1	0	0	4	0	0	0	0	0	0	0	1	0	0	1	0	2	0	3	0	1	0	0	0	0	0	0	2	0	0	0	0	0	2	0	0	0	0	0	1	1	0	0	1	0	0	0	0	2	1	0	0	0	2	0	0	0	0	0	0	0	0	1	0	0	0	0	0	0	0	1	0	0	0	0	0	0	2	0	1	1	1	2	0	0	0	0	0	1	0	0	0	0	0	1	1	2	0	1	1
色	1	1	0	0	0	0	0	0	2	0	0	0	0	1	0	0	1	0	1	1	0	1	2	0	0	0	1	1	0	1	1	0	0	0	1	0	0	0	1	1	1	1	0	0	0	1	4	0	1	0	1	1	0	0	1	0	2	1	1	0	0	1	0	2	0	0	0	2	0	0	3	0	0	0	0	0	1	0	2	2	1	0	0	1	1	1	0	0	2	0	0	0	0	0	1	1	2	0	1	0	0	3	0	0	0	0	0	1	0	4	1	1	0	0	0	12	1	1	0	0	1	1	2	2	1	0	0	2	0	0	0	1	0	0	0	2	1	0	0	4	0	0	1	1	0	2	1	1	0	4	0	0	0	0	4	0	1	0	0	1	1	0	2	5	1	0	2
识	0	0	0	0	0	0	0	0	0	0	0	0	0	0	0	0	0	0	0	0	0	0	0	0	0	0	4	1	1	0	0	0	0	0	0	0	0	0	0	0	0	0	1	0	0	0	0	0	0	0	0	0	0	0	0	0	0	0	0	0	0	1	0	0	0	0	0	0	0	0	0	0	0	0	0	0	0	0	1	0	0	0	0	0	0	1	0	0	0	0	0	0	0	0	0	0	0	0	0	0	0	0	0	0	0	0	0	1	0	0	0	0	1	0	0	0	0	0	0	0	1	0	0	0	0	0	0	0	0	0	0	0	0	0	0	1	0	0	0	0	0	0	0	0	0	0	0	0	0	2	0	0	0	0	0	0	0	1	0	1	0	0	0	0	0	0	0
乱	1	0	0	0	0	0	1	0	0	0	0	0	0	0	0	1	0	0	0	1	0	1	2	1	0	1	2	0	0	1	1	0	0	0	1	0	0	2	0	1	1	0	0	0	0	2	1	0	0	0	0	1	0	0	0	0	2	1	0	0	0	0	1	0	2	1	0	2	4	0	1	0	0	0	0	0	0	0	1	1	2	1	0	0	0	3	0	2	1	0	0	0	0	1	1	1	0	1	0	0	0	1	0	0	0	1	0	2	0	0	1	0	1	1	0	3	1	0	1	1	1	0	2	0	0	0	0	1	1	1	0	0	1	0	0	0	0	1	0	1	0	0	0	1	1	0	1	2	1	4	0	0	0	1	4	1	0	0	0	0	0	1	2	4	1	1	2
哀	0	0	0	0	0	0	0	0	0	0	0	0	0	0	0	1	0	0	0	0	0	1	1	0	0	0	0	1	0	0	1	0	0	0	1	0	0	0	0	0	0	0	0	0	0	0	1	0	0	0	0	2	0	0	0	1	1	0	0	0	3	0	0	0	1	1	0	1	0	0	1	0	1	0	0	0	2	0	0	1	0	1	0	0	0	3	0	0	0	0	0	0	0	0	0	0	0	1	0	0	0	1	0	0	0	0	0	1	0	1	0	0	0	0	0	2	1	0	0	0	1	0	0	1	2	0	0	0	0	1	0	1	0	0	0	1	1	0	0	3	0	0	0	1	0	0	0	0	0	1	0	0	0	0	0	1	0	0	0	0	1	0	0	2	1	0	1
道	3	1	2	1	2	1	3	1	2	5	0	1	0	0	1	2	0	1	1	0	1	2	3	2	0	2	7	2	2	3	0	1	1	2	2	0	5	3	2	5	3	1	1	0	1	2	1	2	0	1	2	6	3	1	1	2	4	0	3	1	2	4	1	3	7	2	0	4	2	1	12	0	0	0	0	3	5	2	2	2	3	1	1	3	3	0	1	4	0	0	2	1	1	0	2	1	0	2	1	0	1	2	1	1	1	1	0	6	1	1	1	3	0	0	1	9	4	1	0	1	7	0	5	2	2	0	0	1	0	6	2	1	0	0	0	3	1	2	1	6	2	1	0	1	4	2	2	3	1	19	1	0	0	0	5	3	3	0	1	0	0	4	5	17	4	2	8
怀	0	0	0	0	0	0	1	0	0	1	0	0	0	0	2	1	0	0	0	1	0	1	0	0	1	1	0	0	0	1	0	0	0	0	1	0	0	0	2	0	0	0	0	0	0	0	0	0	1	0	0	0	0	0	0	0	2	0	0	0	1	1	0	0	1	0	0	1	0	0	0	0	0	0	0	0	1	0	0	0	0	0	0	0	0	1	0	0	0	0	1	1	1	0	0	0	0	0	0	0	0	0	0	0	0	0	0	1	0	0	0	0	0	0	0	2	0	0	0	0	1	0	1	0	0	0	0	0	0	0	1	0	0	0	0	0	0	0	0	0	0	1	0	0	0	1	2	1	0	0	0	1	0	0	2	0	0	0	0	0	0	0	1	3	1	0	2
臣	1	0	0	1	1	0	2	0	1	0	1	1	0	2	1	2	0	0	0	0	0	0	1	1	1	1	0	0	2	0	1	0	0	1	1	0	2	1	0	0	1	0	0	0	0	0	0	3	0	0	3	1	1	0	0	1	0	2	1	0	2	3	1	2	4	1	0	2	0	0	3	0	1	0	0	0	0	0	5	0	1	0	0	2	0	4	0	0	2	1	0	2	0	0	1	0	1	0	0	0	1	0	0	0	1	0	0	2	0	0	1	4	2	0	1	2	0	0	1	1	3	0	2	2	0	0	0	3	0	1	0	1	1	0	0	0	1	1	0	3	0	0	0	1	2	0	1	0	1	8	0	1	1	0	1	3	2	0	1	1	0	1	3	3	2	1	2
服	2	0	0	0	1	0	1	0	0	1	0	1	0	1	2	2	1	1	1	1	0	2	1	1	0	0	2	0	1	1	1	0	0	2	0	0	2	1	2	0	2	0	0	1	2	0	0	2	1	0	1	0	1	0	0	1	3	1	0	0	1	0	0	2	1	1	1	1	1	0	2	1	0	2	0	0	0	0	1	0	0	2	0	1	0	0	0	2	0	0	0	1	0	1	1	1	2	0	0	1	1	2	0	1	0	0	0	1	0	1	0	0	0	0	0	3	0	0	1	1	0	0	2	1	1	0	0	2	0	3	0	1	0	0	0	0	1	1	0	0	3	0	0	1	0	0	0	1	2	5	1	1	0	0	0	1	1	0	1	0	0	0	3	3	2	0	3
心	0	0	1	0	0	0	1	0	0	1	1	0	1	1	0	0	0	0	0	0	0	0	0	0	0	0	1	0	0	0	1	0	0	0	0	0	2	0	0	0	0	0	0	0	0	0	0	1	0	0	1	0	0	0	0	0	0	1	0	0	1	0	0	1	1	0	0	1	0	0	1	0	1	0	0	0	0	1	0	0	0	0	0	0	0	0	0	1	0	0	0	0	0	0	0	0	0	0	0	0	0	0	0	0	1	0	0	2	0	0	0	1	1	0	1	0	0	0	0	0	1	0	0	1	0	1	0	2	0	1	0	0	1	0	0	1	0	0	0	1	0	0	0	0	1	0	0	0	0	1	0	1	1	0	2	0	2	0	0	0	0	0	2	0	0	1	0
爱	1	0	0	0	0	0	2	0	2	0	2	0	0	0	1	1	0	0	0	1	0	2	1	0	0	1	2	0	1	1	0	0	0	0	0	0	2	0	1	0	1	0	0	0	0	0	0	1	0	0	0	1	0	0	1	0	1	1	1	0	1	1	0	0	2	0	0	3	0	0	1	1	0	0	0	0	0	1	0	0	0	0	0	0	0	2	1	0	0	0	0	0	0	0	0	1	0	0	0	0	1	0	0	0	0	0	0	1	0	0	0	0	0	0	0	2	0	1	0	0	0	0	1	0	1	0	0	0	0	1	1	0	0	0	0	0	0	0	0	0	0	0	0	0	0	0	0	1	0	3	0	0	0	0	3	0	0	0	0	0	0	1	1	2	2	2	0
伐	1	0	0	0	1	0	2	0	0	1	0	1	0	1	2	1	0	0	0	1	0	0	0	1	1	0	0	0	1	0	0	0	0	1	1	0	1	1	1	0	0	0	0	0	0	0	0	2	1	0	2	0	0	0	0	1	0	0	0	0	0	0	0	1	1	1	0	1	0	0	1	0	0	0	0	0	0	0	0	0	0	0	0	0	0	1	1	2	1	0	0	0	0	0	0	0	1	0	1	0	0	0	0	0	0	0	0	1	0	0	0	1	0	0	0	2	0	0	0	0	1	0	1	1	0	0	0	1	0	0	0	1	0	0	0	0	1	0	0	0	0	0	0	1	0	1	0	0	0	2	0	0	0	0	1	1	1	0	1	1	0	0	0	1	1	0	1
惠	0	0	1	0	0	0	1	0	0	0	2	0	0	0	0	0	1	0	0	1	0	0	1	0	0	0	0	0	0	1	0	0	0	0	0	1	0	0	1	0	0	0	0	0	0	0	0	0	0	0	0	0	0	0	0	0	0	0	0	1	0	0	0	0	1	0	0	1	0	0	2	0	1	0	0	0	0	0	0	2	0	0	0	0	0	1	1	0	0	0	0	0	0	0	0	0	0	0	0	0	0	1	0	0	0	0	0	0	0	0	0	1	0	1	1	1	0	0	0	0	0	0	1	0	1	0	1	0	0	2	0	0	0	0	1	0	0	1	0	2	0	0	0	0	0	0	0	0	0	3	1	0	0	0	2	0	0	0	0	2	0	0	1	3	0	0	0
神	2	0	0	1	0	0	0	0	0	0	0	0	0	0	0	0	0	0	0	0	0	1	1	0	0	0	0	0	0	0	1	0	0	0	0	0	0	0	1	0	1	0	0	0	0	0	0	0	0	0	0	1	0	0	0	0	0	0	0	0	0	0	0	0	0	0	0	0	0	0	0	0	0	0	0	0	0	0	0	0	0	0	0	1	0	0	0	0	1	0	0	0	0	0	0	0	0	0	0	3	0	0	0	1	0	0	0	2	0	0	0	0	0	0	0	0	0	0	0	0	0	0	0	0	1	0	0	1	0	1	0	0	0	0	0	0	0	0	0	0	0	0	0	0	0	0	0	0	0	1	1	0	0	0	1	0	0	0	0	0	0	0	1	0	0	0	0
身	2	0	1	0	0	0	3	0	1	2	0	0	0	1	0	0	0	0	0	0	1	1	1	1	1	1	1	0	0	0	0	0	0	0	0	0	2	0	2	1	0	0	0	0	0	0	0	0	0	1	0	0	0	0	0	0	2	2	1	0	1	1	1	2	0	0	0	2	0	0	4	0	0	1	0	1	1	1	2	0	2	1	0	1	0	2	0	1	1	0	0	0	0	0	0	0	0	0	0	0	1	2	0	0	0	0	0	1	0	0	1	1	0	0	0	4	0	0	0	0	2	0	1	0	0	0	0	0	0	1	0	0	0	0	0	1	0	3	0	1	2	0	0	0	2	2	1	0	2	6	0	0	0	0	2	1	0	0	0	0	0	1	2	3	0	0	0
弟	1	0	1	0	1	0	0	0	0	0	1	1	1	0	0	0	0	1	0	1	0	3	0	0	1	0	5	0	1	1	0	0	1	0	1	0	0	0	0	1	6	0	1	0	0	0	0	0	1	1	0	4	0	0	0	0	0	1	0	0	0	1	0	0	1	0	0	2	0	0	2	1	0	0	0	0	2	0	1	1	0	1	0	1	0	1	0	0	1	0	1	0	0	0	0	0	1	0	0	0	0	1	0	0	0	0	1	1	0	0	0	3	0	0	0	2	1	0	0	0	0	0	0	4	1	0	0	1	0	0	1	0	0	0	0	0	0	0	4	0	0	3	0	0	0	2	0	0	1	5	0	0	0	0	3	0	1	1	1	0	0	0	1	2	1	1	0
内	1	0	0	0	3	0	1	0	0	0	0	2	0	1	1	0	0	0	1	0	0	1	0	1	0	0	0	0	1	1	0	1	0	1	1	0	1	1	0	0	0	0	0	0	0	0	0	1	0	0	1	1	0	0	0	1	1	1	0	0	0	0	0	2	1	1	0	0	0	0	0	0	0	0	0	0	0	0	0	1	0	2	0	0	0	0	0	1	2	0	0	1	0	0	0	1	0	0	0	0	0	1	0	0	0	0	0	0	0	1	0	0	0	0	0	2	1	0	0	0	0	0	1	1	1	0	0	0	0	0	0	1	0	0	0	1	1	0	1	0	0	1	0	1	0	0	0	0	0	2	0	0	0	0	0	1	2	0	1	0	1	0	0	3	1	1	1
慎	0	0	0	0	0	0	0	0	0	0	0	0	0	0	1	0	0	0	0	1	0	1	0	0	0	0	2	0	0	0	0	0	0	0	0	0	0	0	0	0	0	0	0	0	0	1	0	0	0	0	0	1	0	0	0	1	1	1	0	0	0	0	0	1	1	0	0	0	1	0	2	0	0	0	0	0	0	0	0	2	0	0	0	1	1	2	0	0	0	0	0	0	0	0	0	0	0	0	0	0	0	1	0	0	0	0	0	1	0	0	0	0	1	0	1	3	0	0	0	0	0	0	1	0	0	0	0	0	0	2	0	0	0	0	0	1	0	0	0	1	0	0	0	1	0	0	0	1	0	0	0	1	0	0	1	0	0	0	0	0	0	0	1	3	1	0	1
进	0	0	1	0	0	0	0	0	0	0	0	0	0	0	0	1	0	0	0	0	0	0	0	0	0	0	0	0	0	0	0	0	1	0	0	0	1	0	1	0	0	0	0	0	0	0	0	0	0	0	0	0	1	0	0	0	0	0	0	0	0	1	0	1	0	0	0	0	0	0	2	1	0	0	0	1	0	2	2	0	0	1	0	0	0	1	0	0	0	0	0	1	0	0	0	0	0	0	0	0	0	0	0	0	0	0	1	1	0	0	0	0	0	0	0	2	0	5	0	0	0	0	0	1	0	0	0	1	1	0	0	0	0	0	0	0	0	0	1	1	0	0	0	0	0	0	0	0	0	5	0	0	0	0	0	2	2	0	0	0	0	0	0	3	2	0	0
鬼	1	0	0	0	0	0	0	0	0	0	0	0	0	0	0	0	0	0	0	0	0	1	2	0	0	0	0	0	0	0	1	0	0	0	0	0	0	0	1	0	1	0	0	0	0	0	0	0	0	0	0	1	0	0	0	0	0	0	0	0	0	0	0	0	0	0	0	0	1	0	0	0	0	0	0	0	0	0	0	0	0	0	0	0	0	0	0	0	1	0	0	0	0	3	0	0	0	0	0	0	0	0	0	1	0	0	0	2	0	0	0	0	0	0	0	0	0	0	0	0	0	0	0	0	1	0	0	1	0	1	0	0	0	0	0	0	0	0	0	0	0	0	0	0	0	0	0	0	0	1	1	0	0	0	1	0	0	0	0	0	0	0	1	0	0	0	0
异	0	0	0	0	0	0	1	0	1	2	1	0	0	0	1	1	0	1	0	0	0	1	1	0	0	0	2	0	0	0	0	0	0	1	0	0	0	0	0	0	0	0	0	0	1	0	0	1	0	1	0	1	1	0	0	0	2	0	0	0	0	2	0	2	0	0	2	1	1	0	1	0	0	1	1	0	0	1	2	1	2	0	0	0	0	1	0	1	1	0	1	0	0	0	1	0	0	0	0	0	0	0	0	0	0	0	1	1	0	1	0	1	0	0	0	3	0	1	0	0	1	0	1	0	0	0	0	0	0	2	0	0	0	0	0	1	0	0	0	2	0	0	0	0	1	0	0	1	1	4	0	1	0	0	0	1	1	1	0	0	0	0	0	3	2	1	3
正	0	0	1	0	0	0	1	0	0	0	1	0	0	0	1	2	2	0	1	1	0	1	0	0	0	0	2	0	0	0	2	0	1	0	1	1	0	0	1	0	0	0	1	0	1	0	2	0	0	0	0	1	0	0	0	0	2	1	0	1	0	0	1	2	0	0	0	1	0	0	3	0	0	1	0	0	0	0	1	1	0	3	0	1	1	2	0	0	2	0	0	0	1	0	2	1	1	1	0	0	0	0	0	0	0	0	0	1	0	2	0	4	1	1	1	5	1	0	0	1	1	0	0	1	0	0	1	0	0	2	0	1	0	0	1	0	1	1	0	3	1	0	0	0	0	0	0	0	0	5	1	0	0	0	2	0	0	0	0	1	0	0	3	4	1	0	0
古	1	0	2	0	0	0	0	0	0	0	0	0	0	0	0	0	0	1	0	0	0	1	0	0	0	0	1	0	0	0	0	0	0	0	0	0	0	0	0	1	0	1	0	0	0	0	0	0	0	0	0	1	1	0	0	0	0	0	0	0	0	0	0	0	0	0	0	2	0	0	0	0	0	0	0	0	0	0	1	0	0	0	0	0	0	1	0	0	0	0	0	0	0	0	0	0	0	0	0	0	0	0	0	0	0	1	0	1	0	0	0	1	0	0	1	2	0	0	0	0	0	0	0	0	0	0	0	0	1	2	0	0	0	1	0	1	0	0	0	2	0	1	0	0	0	0	0	1	0	3	0	0	0	1	1	0	0	0	0	1	0	0	1	0	0	0	0
室	1	0	0	0	0	0	0	0	1	0	0	0	0	0	0	0	0	1	0	0	0	0	0	0	0	0	1	0	0	0	0	0	0	0	0	0	0	0	1	0	1	0	0	0	1	0	0	1	0	0	1	0	0	0	0	0	1	0	0	0	0	0	1	0	0	0	0	1	0	0	1	0	0	0	0	0	0	0	0	0	0	0	0	0	0	1	0	0	1	0	0	0	0	1	0	0	0	0	0	1	0	0	0	0	0	0	0	1	0	0	0	1	0	0	0	1	0	0	0	1	2	0	0	0	1	0	0	0	0	0	0	0	0	2	0	1	0	0	0	2	2	0	0	2	0	0	0	0	0	3	3	0	0	0	1	0	0	0	1	0	1	0	1	0	0	2	0
罪	0	0	0	0	0	0	0	0	0	0	1	0	0	1	0	0	0	0	0	0	0	0	0	0	0	0	0	0	0	0	1	0	0	0	0	0	1	0	0	0	0	0	0	0	0	0	0	1	0	0	1	0	0	0	0	0	0	1	0	0	1	0	0	2	2	0	0	1	0	0	1	0	1	0	0	0	0	0	0	0	0	0	0	0	0	1	0	1	0	1	0	0	0	0	0	0	0	0	0	0	0	0	0	0	0	0	0	0	0	0	0	1	1	0	1	0	0	0	0	0	1	0	0	1	0	0	0	0	0	1	1	0	1	0	0	0	0	0	1	1	0	0	0	0	2	0	0	0	0	1	0	1	1	0	1	0	1	0	0	0	0	0	1	0	0	1	1
愚	0	1	0	0	0	0	0	0	0	0	0	0	0	0	0	0	0	0	0	0	0	0	0	0	0	0	1	0	0	0	0	0	0	0	0	0	0	0	0	0	0	0	0	0	0	0	0	0	0	0	0	0	0	0	0	0	1	0	0	0	0	0	0	0	0	0	0	1	1	0	0	0	0	0	0	0	0	0	0	0	0	0	0	1	0	1	0	0	0	0	0	0	0	0	0	0	0	0	0	0	0	0	1	0	0	0	0	3	0	0	0	0	0	0	0	2	0	1	0	0	0	0	0	0	0	0	0	0	2	1	0	0	1	0	0	0	0	0	0	0	0	1	0	0	0	0	0	2	0	0	0	0	0	2	1	0	0	0	0	0	0	0	0	0	0	0	1
党	0	0	1	0	0	0	0	0	0	0	0	0	0	0	0	0	0	1	0	0	0	0	0	0	0	0	0	1	0	1	0	0	0	0	0	0	0	0	1	1	1	0	0	0	0	0	0	0	0	1	0	0	1	0	0	0	0	0	0	0	0	1	0	1	0	0	0	1	0	0	1	3	0	0	0	0	1	0	2	0	1	0	0	0	0	0	0	0	0	0	0	0	0	0	0	1	0	0	1	0	1	0	0	0	0	0	0	3	0	0	0	1	0	0	0	2	0	1	0	0	0	0	0	1	0	0	0	0	1	0	0	0	0	1	1	0	1	0	0	0	0	0	0	0	0	0	0	1	0	3	0	1	1	0	1	0	2	0	0	0	0	0	0	3	1	1	0
知	0	1	5	1	3	1	6	0	1	2	1	3	0	0	2	12	0	1	0	0	0	6	3	0	0	1	7	1	1	2	0	3	2	2	3	2	2	1	0	0	0	0	1	1	2	0	0	2	1	0	2	3	3	2	2	2	4	0	2	1	1	1	2	1	7	1	1	3	6	1	7	1	0	1	1	0	1	3	4	1	1	1	1	2	1	6	1	2	1	2	1	1	0	2	1	1	0	1	1	2	1	1	1	1	0	3	3	0	1	0	1	3	2	2	1	13	1	2	1	1	3	2	1	2	2	2	0	4	3	7	1	0	1	3	0	4	0	2	0	6	1	2	0	2	1	0	3	4	3	24	2	4	1	1	16	1	5	2	1	2	1	3	2	13	12	2	7
损	0	1	0	0	0	3	0	0	0	0	0	0	0	0	0	1	0	0	0	0	0	0	0	0	0	0	0	0	0	0	0	0	0	0	0	0	0	0	0	0	0	0	0	1	0	0	0	0	0	0	1	0	0	0	0	0	0	0	0	1	0	0	0	0	0	0	0	0	0	0	0	0	0	0	0	1	0	0	0	0	0	0	0	0	0	1	0	0	0	0	0	0	0	0	0	0	0	0	0	0	0	0	0	0	0	0	0	1	0	0	0	0	0	0	0	0	0	0	0	0	2	0	0	0	0	0	0	0	0	0	0	0	0	0	0	1	0	0	0	0	0	0	0	0	0	2	0	1	0	1	0	0	0	0	0	0	0	0	0	0	0	1	0	0	2	0	0
容	0	0	0	0	0	0	0	0	0	0	1	0	0	0	0	0	0	0	1	0	0	0	0	0	0	0	0	0	0	0	0	0	0	0	0	0	0	0	0	0	0	0	0	0	0	0	2	0	0	0	0	1	0	0	0	0	1	1	0	0	0	0	0	2	0	0	0	1	0	0	1	0	0	0	0	0	0	0	0	0	0	4	0	0	1	1	0	0	1	0	0	0	0	0	0	0	1	0	0	0	1	2	0	0	0	0	0	0	0	0	0	0	0	0	0	3	1	0	0	0	2	1	0	0	0	0	0	0	0	0	0	1	0	0	0	1	1	0	0	0	0	0	0	0	0	0	0	0	0	2	0	0	0	0	0	0	1	0	0	0	0	0	0	2	1	0	0
明	0	0	0	1	0	0	1	0	1	0	0	0	0	0	0	0	1	0	1	0	0	0	2	0	0	1	1	0	0	1	0	0	0	0	0	0	0	0	1	0	0	1	0	0	0	0	0	0	0	0	0	0	0	0	0	0	1	0	0	0	0	0	1	0	0	0	0	0	0	0	3	0	0	0	0	0	0	0	1	1	1	1	0	1	0	1	0	1	0	0	0	0	0	0	1	0	0	0	0	0	0	0	0	0	0	0	0	1	0	0	0	0	1	0	0	1	0	0	0	0	0	0	0	0	1	0	0	1	0	0	0	0	0	0	0	0	0	1	0	1	0	0	0	0	1	0	1	0	1	1	0	0	0	0	0	1	0	0	0	0	1	1	2	3	0	0	0
政	0	1	1	0	0	0	4	0	2	0	3	0	0	1	0	2	1	1	0	2	0	0	0	2	1	0	1	0	1	2	1	0	0	0	1	1	2	0	1	2	3	0	1	0	0	0	0	2	0	1	3	1	0	1	3	0	2	1	0	1	1	3	0	2	2	0	1	4	0	0	5	1	1	0	1	0	1	0	2	1	0	1	0	0	0	3	0	4	0	1	0	1	1	0	1	3	0	0	0	0	1	4	1	1	1	0	1	3	0	0	0	0	2	2	1	4	0	1	1	0	3	2	5	3	0	0	1	1	0	6	1	1	1	2	2	1	0	2	2	7	1	0	0	0	1	1	1	0	0	7	1	1	1	0	3	0	3	1	1	1	0	0	3	3	3	1	2
兴	0	0	0	1	0	0	0	0	0	0	1	0	0	1	0	3	0	0	0	1	0	0	0	0	0	0	2	1	0	1	1	0	0	0	0	0	1	0	0	0	0	0	2	0	0	1	0	1	0	0	1	0	0	0	0	0	0	2	1	0	2	1	0	2	1	0	0	1	1	0	3	0	1	0	0	0	0	0	2	1	0	0	1	1	0	0	0	2	0	1	0	0	0	0	0	0	0	1	0	0	0	1	0	0	1	0	0	2	0	0	1	2	0	0	1	2	0	0	0	0	2	0	0	1	0	0	0	1	0	3	0	0	1	0	0	0	0	0	0	1	0	0	0	0	1	0	0	1	0	2	0	1	1	0	2	0	1	2	0	1	0	0	1	3	3	1	1
利	0	0	0	0	0	0	4	0	0	0	1	0	0	0	1	3	1	0	0	1	0	1	2	0	0	0	0	0	1	1	0	0	0	0	0	1	0	0	1	0	0	0	0	0	0	0	0	0	0	0	0	0	0	1	1	0	1	0	0	1	0	1	0	0	0	1	0	0	1	1	1	0	0	0	0	0	1	0	0	0	0	0	0	1	0	0	0	0	0	0	0	0	1	0	0	0	0	0	0	0	0	1	0	0	0	0	0	2	0	0	0	2	0	0	0	2	0	0	0	0	1	0	0	2	0	0	1	0	0	1	0	0	0	1	1	1	0	1	0	1	0	0	0	1	0	1	0	0	1	2	1	0	0	0	4	0	0	0	0	2	1	0	0	2	1	0	2
敏	0	0	2	0	0	0	2	0	0	0	2	0	0	1	1	0	1	0	0	0	0	1	0	0	1	0	2	0	1	0	2	0	0	0	0	0	1	0	0	1	0	1	0	0	0	0	0	1	0	0	1	0	0	0	0	0	1	1	0	0	1	0	0	1	3	0	0	2	0	0	3	0	2	0	0	0	0	0	0	1	0	0	0	0	0	1	0	1	0	1	0	0	1	0	0	0	0	1	0	0	0	1	1	0	1	0	0	1	0	0	0	1	1	0	0	3	0	0	0	0	1	0	0	1	0	0	0	0	0	2	0	0	1	0	0	0	0	0	0	2	0	0	0	1	1	0	0	0	0	4	0	2	1	0	4	0	1	0	0	1	0	0	2	2	1	1	1
言	2	2	5	0	1	0	8	1	2	3	1	1	0	1	4	6	2	6	2	1	1	3	6	2	2	0	8	2	5	3	1	0	2	3	4	1	2	2	1	5	2	5	1	0	3	1	3	3	1	3	2	3	1	1	2	2	8	3	3	1	2	2	0	8	5	3	1	9	4	0	19	4	0	1	0	1	2	1	5	4	2	12	0	3	2	9	2	2	3	0	2	2	1	0	4	2	2	3	2	0	3	5	2	1	0	2	2	13	0	3	1	4	2	2	3	0	2	5	1	2	6	1	6	4	3	1	0	6	1	4	0	3	2	2	0	3	2	1	0	7	3	1	1	4	2	3	1	3	2	26	1	3	1	1	11	1	7	5	2	2	3	0	4	19	11	2	9
贵	0	0	0	0	1	0	1	0	0	0	0	1	0	0	0	1	0	0	0	0	0	1	1	0	0	0	1	0	0	0	0	0	0	0	1	0	1	2	0	1	0	0	1	0	0	1	1	0	0	0	0	3	0	0	0	1	1	0	0	0	0	0	0	1	2	1	0	2	0	0	1	0	0	0	0	0	0	0	0	1	1	1	0	1	1	4	0	0	0	0	0	0	0	0	0	1	1	0	0	0	0	1	0	0	0	0	0	1	0	1	0	0	0	0	0	2	0	0	0	0	2	0	0	1	1	0	0	0	0	0	0	1	0	0	0	0	1	0	1	1	0	1	0	0	0	0	0	0	0	3	1	0	0	0	1	0	0	0	0	0	0	1	2	3	2	4	1
退	0	0	1	0	0	0	0	0	0	0	1	0	0	0	0	0	0	0	0	0	0	0	0	0	0	0	1	0	0	0	0	0	1	0	0	0	0	0	1	0	0	0	0	0	0	0	0	0	0	0	0	0	1	0	1	0	0	0	0	0	0	1	0	0	1	0	0	0	0	0	1	2	0	0	0	1	0	2	2	0	0	1	0	0	0	1	0	0	0	0	1	0	0	0	0	0	0	0	5	0	1	0	0	0	0	1	1	2	0	0	0	1	0	0	0	5	0	0	0	0	0	0	0	1	0	0	0	1	0	0	0	0	0	0	0	0	0	0	1	1	2	0	0	0	0	0	0	1	0	6	0	0	0	0	1	0	3	1	0	0	0	0	0	3	2	1	0
才	0	0	0	0	0	0	1	0	0	0	0	0	1	0	0	0	0	0	0	0	0	0	0	0	0	0	0	1	1	0	0	0	0	0	0	0	0	0	0	0	0	0	0	0	0	0	0	0	0	0	0	1	0	0	0	0	0	0	0	1	0	0	0	0	1	0	0	0	0	0	1	0	0	0	0	0	0	0	0	0	0	0	0	1	0	0	0	1	1	0	0	0	0	0	0	0	0	0	0	0	0	0	0	0	0	0	0	1	0	0	0	1	0	0	0	1	0	0	0	1	1	0	1	0	0	0	0	1	0	0	0	0	0	1	0	1	0	0	0	0	0	0	0	0	0	0	0	0	0	3	1	0	0	0	0	0	1	0	0	0	0	0	0	0	1	0	0
治	0	0	1	0	0	0	0	0	0	0	0	0	0	0	0	0	0	1	0	0	0	0	0	0	0	0	0	0	0	0	0	0	0	0	0	0	0	0	0	0	0	0	0	0	1	0	0	1	0	0	0	0	0	0	0	0	0	0	0	0	1	0	0	0	1	0	0	0	0	0	0	0	0	0	0	0	0	0	0	1	0	0	0	1	0	1	0	1	1	0	0	0	0	0	0	0	0	0	0	0	0	1	0	1	0	0	0	1	0	0	0	0	0	0	0	2	0	0	1	0	0	0	1	0	0	0	0	1	0	0	0	0	0	1	0	0	0	0	0	0	1	0	0	1	0	0	0	0	0	1	0	0	0	0	1	0	0	0	0	0	0	0	0	0	0	0	0
善	0	1	0	0	1	2	4	0	2	2	2	0	1	3	1	2	0	0	0	1	0	0	2	0	1	0	2	0	1	1	1	0	1	0	1	0	2	1	1	1	1	0	0	1	0	1	1	1	1	1	1	3	0	0	1	1	5	3	1	1	2	1	1	2	4	1	0	5	0	1	3	1	1	0	0	2	1	1	2	0	2	1	1	1	1	7	1	3	0	1	0	1	0	0	2	0	0	0	0	0	1	1	0	2	1	0	0	3	2	2	0	3	2	1	1	6	2	0	1	0	0	0	5	1	3	0	1	2	0	5	0	1	1	1	2	3	2	2	0	6	1	1	0	0	1	5	0	1	0	18	3	2	1	1	3	1	1	0	0	0	0	1	3	7	3	3	4
位	0	0	1	0	0	1	1	0	0	0	0	1	0	0	0	0	0	0	0	0	0	1	0	2	0	0	0	0	0	0	0	0	0	0	0	0	0	0	0	0	0	0	0	0	0	0	1	0	0	0	0	0	0	0	0	0	1	0	0	0	0	0	0	1	0	0	0	0	0	0	2	0	0	0	0	0	0	0	0	0	0	1	0	0	0	0	0	0	0	0	0	0	0	0	0	0	0	0	0	0	0	0	0	0	0	0	0	2	0	1	0	2	0	0	0	1	0	0	0	0	0	0	0	1	0	0	0	0	0	0	0	0	0	0	0	1	0	0	0	0	0	0	0	0	0	0	0	0	0	0	0	0	0	0	0	0	1	0	0	0	1	0	0	1	0	0	0
德	2	1	0	0	2	0	4	0	1	1	1	1	0	3	1	0	0	0	0	0	0	2	2	2	0	0	2	0	2	2	0	0	0	1	0	0	2	1	0	1	0	1	0	0	0	1	0	1	0	0	1	3	0	1	0	1	1	1	0	0	0	0	0	2	4	1	1	2	1	0	1	1	0	0	0	2	0	2	0	0	0	2	0	2	0	5	1	2	2	0	1	1	1	0	1	0	1	1	0	0	1	0	0	0	0	0	0	1	0	0	0	5	0	0	0	6	0	0	1	1	5	0	0	0	0	0	0	1	0	6	1	1	0	0	0	0	1	1	0	4	1	1	0	1	0	0	0	1	0	5	0	1	0	1	2	1	2	0	1	1	0	0	0	4	1	1	1
命	1	0	1	0	1	1	3	0	0	1	1	1	0	2	0	2	1	1	0	0	0	4	2	0	0	0	2	0	1	1	3	0	0	0	2	0	1	0	1	1	1	0	0	0	1	0	0	2	0	1	2	3	0	1	0	0	1	1	0	0	2	0	0	2	3	2	0	2	1	0	6	1	1	1	0	0	2	1	3	1	0	2	0	0	1	2	0	2	1	1	0	1	0	0	0	4	1	0	1	0	0	1	0	0	1	0	1	2	0	0	0	3	1	2	1	4	1	1	0	0	1	1	0	0	2	0	0	0	0	1	0	0	1	0	0	0	1	0	1	2	2	4	0	0	2	0	0	0	0	9	0	1	1	0	2	0	2	0	0	0	2	1	2	3	4	2	0
敬	0	0	2	1	1	0	0	0	4	1	0	1	0	1	1	0	1	0	0	1	0	1	5	0	0	0	1	1	0	1	1	0	0	0	2	0	2	0	0	0	2	1	0	0	0	1	0	1	1	0	0	1	0	0	0	0	3	0	0	0	2	1	0	0	1	1	0	3	0	0	3	0	1	0	0	0	1	0	1	4	0	1	0	0	2	2	0	0	1	0	1	0	1	1	0	1	1	0	0	1	0	0	0	1	0	0	0	2	0	0	1	0	0	0	0	3	1	0	0	0	3	0	0	2	0	0	0	2	0	7	0	0	0	0	1	0	0	0	1	3	0	1	0	0	0	0	0	0	0	6	0	0	1	0	3	0	0	0	0	1	2	1	1	4	4	1	1
天命	0	0	0	0	0	0	1	0	0	1	0	0	0	0	0	0	0	0	0	0	0	0	0	0	0	0	1	0	0	1	0	0	1	0	0	1	0	0	0	0	0	0	0	0	0	0	0	0	0	0	0	0	0	0	0	0	0	0	0	0	0	0	0	0	0	0	0	0	0	0	0	0	0	0	0	0	0	1	0	0	0	0	0	0	0	0	0	0	0	1	0	0	0	0	0	0	0	0	0	0	0	0	0	0	0	0	0	2	0	0	0	0	0	0	0	1	0	0	0	0	0	0	0	0	0	0	0	0	0	0	0	0	0	0	0	0	0	0	0	0	0	0	0	0	0	0	0	0	0	1	0	0	0	0	0	0	0	0	0	0	0	0	0	1	0	0	0
泰	0	0	0	0	0	0	1	0	0	0	2	0	0	0	0	0	1	0	0	1	0	0	0	0	0	0	0	0	0	1	0	0	1	0	0	1	0	0	1	0	0	0	0	0	0	0	0	0	0	0	0	0	0	0	0	0	0	0	0	2	0	0	0	0	0	0	0	0	0	0	0	0	0	0	1	0	0	0	0	0	0	0	0	0	0	0	0	0	0	0	0	0	1	0	0	0	0	0	0	0	0	1	0	0	0	0	0	0	0	0	0	1	0	1	0	0	0	0	0	0	1	0	0	0	0	0	0	1	0	1	0	0	0	0	1	0	0	1	0	2	0	1	0	0	0	0	0	0	0	2	1	0	0	0	1	0	0	0	0	1	0	0	0	3	1	0	0
难	0	0	2	0	0	0	1	0	1	0	0	0	1	0	0	1	1	0	0	1	0	1	3	0	0	0	0	0	0	2	0	0	1	0	0	0	1	1	0	0	2	1	0	1	0	0	0	0	0	0	1	0	0	0	0	0	1	0	3	1	1	1	0	0	1	0	0	0	0	1	2	1	0	0	0	0	0	1	1	1	0	2	0	1	0	1	0	3	2	2	0	1	0	1	0	1	0	0	1	1	0	0	0	0	0	0	0	4	0	0	1	1	1	0	0	6	0	1	1	1	2	0	1	0	2	0	1	0	0	1	1	1	0	0	0	1	0	0	0	3	0	1	0	0	0	1	0	0	0	5	1	0	0	0	5	0	1	0	1	3	1	0	2	3	0	1	1
狂	0	0	0	0	0	0	0	0	0	0	0	0	0	0	0	0	0	0	0	0	0	0	0	0	0	0	1	0	0	0	0	0	0	0	0	0	0	0	0	0	0	0	0	0	0	0	0	0	0	0	0	0	0	0	0	0	1	0	0	0	0	0	0	1	0	0	0	2	1	0	1	0	0	0	0	0	0	0	0	0	0	0	0	1	0	0	0	0	0	0	0	0	0	0	0	0	0	0	1	0	0	0	1	0	0	2	1	3	0	0	0	0	0	0	0	1	0	0	0	0	0	0	0	0	0	0	0	0	0	1	0	0	1	0	0	0	0	0	0	1	0	1	0	0	0	0	0	3	0	0	0	1	1	2	1	0	0	0	0	0	0	0	0	0	0	0	0
民	0	0	4	1	0	0	4	0	1	2	3	0	1	1	1	2	1	1	0	3	0	1	3	0	2	0	4	0	1	2	2	0	1	2	2	1	4	0	1	1	1	0	2	1	1	1	0	3	1	1	1	4	1	0	1	0	3	2	1	1	1	0	0	4	4	0	2	5	2	0	6	0	1	1	0	0	1	0	1	2	1	0	0	1	1	6	0	1	3	1	1	0	2	1	1	0	0	2	0	1	2	2	2	0	1	1	0	7	0	0	0	6	3	1	2	4	0	0	0	0	5	0	6	1	7	0	1	1	1	0	1	1	1	1	4	0	0	3	0	6	0	1	0	1	2	0	0	4	1	10	1	3	2	2	9	0	1	0	0	2	0	1	2	7	7	1	2
免	0	0	0	0	0	0	0	0	0	0	0	0	0	0	1	1	0	0	0	0	0	2	0	0	0	1	0	0	0	0	0	0	0	0	0	0	0	0	1	1	0	0	0	1	0	0	0	0	0	0	1	0	0	0	0	0	1	0	0	0	1	1	0	1	1	0	0	0	0	0	0	0	0	0	0	0	0	0	0	0	0	0	0	0	0	2	1	0	0	0	1	0	0	0	0	1	0	0	0	0	0	0	0	0	1	0	0	1	0	0	0	1	0	0	0	0	0	0	0	0	0	0	1	0	0	0	0	1	0	1	0	0	0	0	0	0	0	0	1	0	0	0	0	0	1	0	0	1	0	1	1	0	0	0	1	0	0	1	0	0	0	0	1	1	2	0	1
近	1	0	1	1	2	0	2	1	0	1	1	1	2	1	1	0	0	1	0	0	0	0	1	1	1	0	1	0	1	1	0	0	1	2	1	0	1	1	0	1	0	0	0	0	0	1	1	1	0	1	1	1	0	0	1	1	0	1	0	0	0	0	0	2	0	1	0	2	0	0	0	0	0	0	0	0	0	0	0	1	0	1	0	0	1	1	0	1	1	0	0	1	0	0	0	0	1	0	0	0	0	1	0	0	0	0	0	0	0	1	0	1	0	0	0	3	1	0	0	0	1	0	1	0	0	0	0	1	0	1	0	0	0	0	0	0	2	0	0	0	0	0	0	1	0	0	0	0	0	4	0	0	0	0	3	1	1	0	2	1	1	0	0	2	1	0	1
蔽	0	0	0	0	0	0	0	0	0	0	1	0	0	1	0	0	0	0	0	0	0	0	0	0	0	0	1	0	0	0	1	0	0	0	0	0	1	0	0	0	0	0	0	0	0	0	0	1	0	0	1	0	0	0	0	0	1	1	0	0	1	0	0	1	1	0	0	2	1	0	1	0	1	0	0	0	0	0	0	0	0	0	0	1	0	0	0	1	0	1	0	0	0	0	0	0	0	0	0	0	0	0	0	0	1	1	0	1	0	0	0	1	1	0	1	2	0	0	0	0	1	0	0	1	0	0	0	0	1	1	0	0	0	0	0	0	0	0	0	1	0	0	0	0	1	0	0	1	0	1	0	1	1	1	2	0	1	1	0	0	1	0	1	0	0	1	0
宰	0	0	1	0	0	0	1	0	0	0	0	0	0	0	0	0	0	1	0	0	0	0	0	0	0	0	1	0	0	0	0	0	1	0	0	0	0	0	1	0	0	1	0	1	0	0	0	1	0	0	0	0	0	1	1	0	0	0	0	0	0	1	0	0	1	0	0	0	0	0	1	1	0	0	0	0	0	0	1	0	0	0	0	0	0	0	0	0	0	0	0	0	0	0	0	0	0	0	0	0	0	0	1	2	0	0	1	3	0	0	0	2	0	1	0	2	0	0	1	1	1	0	0	0	0	0	0	0	0	1	0	0	0	0	1	1	2	0	0	1	1	0	0	1	0	0	0	0	0	4	0	0	0	0	1	0	1	0	0	0	0	0	0	2	0	1	0
教	0	0	0	0	0	0	1	0	2	0	1	0	0	0	0	0	1	0	0	2	0	0	0	0	0	0	0	0	1	0	0	0	0	0	0	1	0	0	2	0	1	0	0	0	0	0	0	0	0	0	0	0	0	0	0	0	0	0	0	1	0	0	0	0	0	0	0	1	0	0	1	1	0	1	0	0	0	0	0	0	0	0	0	0	0	0	0	0	0	0	0	0	1	0	0	0	0	0	0	0	0	1	0	0	0	0	1	0	0	0	0	2	0	1	0	0	0	0	0	0	2	0	0	0	1	0	1	0	0	4	0	0	0	1	0	0	1	1	0	1	0	0	0	0	0	0	0	0	0	2	1	0	0	0	1	0	0	0	0	1	0	0	0	2	0	2	0
贤	1	1	0	0	1	1	2	0	0	0	1	0	1	0	0	2	0	1	0	0	0	1	0	0	0	0	2	0	1	0	0	0	0	0	0	0	1	0	0	0	0	0	0	0	1	0	0	0	0	0	1	1	0	0	0	1	1	0	1	1	0	1	0	0	1	0	0	2	0	1	1	0	0	0	0	1	1	0	1	1	0	2	1	0	1	3	0	0	0	1	0	0	0	0	1	0	1	1	0	0	1	0	1	1	0	0	0	4	1	1	0	1	0	1	0	3	0	0	1	0	3	1	0	0	0	0	0	1	0	0	0	0	0	1	0	0	0	0	0	4	1	0	0	2	0	3	0	0	0	8	1	0	0	0	2	0	2	0	0	1	1	1	2	2	1	1	2
辞	1	0	0	0	1	0	2	0	0	0	0	1	0	1	1	0	0	0	0	0	0	0	0	1	0	0	0	0	1	0	0	0	0	1	0	0	1	1	1	0	0	0	0	0	0	0	1	1	0	0	1	1	0	0	1	1	0	0	0	0	0	0	0	1	0	1	0	1	0	0	0	1	0	0	0	0	0	0	0	0	0	1	0	0	1	1	0	1	1	0	0	1	0	0	0	0	1	0	0	0	0	1	0	0	0	0	1	0	0	1	0	0	0	0	0	2	1	0	0	0	2	0	1	1	0	0	0	0	0	0	0	2	0	2	1	0	0	0	0	0	0	0	0	1	0	0	0	0	0	2	0	0	0	0	0	1	1	0	1	0	0	0	0	3	0	1	1
杀	1	0	0	0	0	0	3	0	0	1	1	0	0	0	0	0	1	0	0	1	0	1	1	0	0	1	0	0	0	1	0	0	0	1	0	1	1	0	2	0	0	0	0	0	0	0	0	0	0	0	0	2	0	0	0	0	1	0	0	1	1	0	1	0	1	0	0	0	0	0	1	0	0	0	0	0	1	0	1	0	1	0	0	1	0	2	0	1	1	0	0	0	1	0	3	0	0	0	0	0	0	1	0	0	0	0	0	2	0	0	1	2	0	1	0	1	0	0	0	0	2	0	1	0	0	0	1	0	0	3	0	0	0	0	1	0	0	0	0	1	1	0	0	0	1	0	1	0	2	4	1	0	0	0	4	1	0	0	0	1	0	1	1	4	0	0	1
兄	0	0	0	0	1	0	0	0	0	0	0	1	0	0	0	0	0	0	0	0	0	1	0	0	1	0	0	0	0	0	0	0	0	0	1	0	0	0	0	0	1	0	0	0	0	0	0	0	0	0	0	1	0	0	0	0	0	0	0	0	1	2	0	1	1	0	0	0	0	0	1	0	0	0	0	0	1	1	0	1	0	0	0	0	0	1	0	0	0	0	0	0	0	0	0	4	1	0	1	0	0	0	0	0	1	0	0	0	0	0	0	2	0	0	0	0	1	1	0	0	0	0	0	1	1	0	0	0	0	0	1	0	0	0	0	0	0	0	0	0	0	1	0	0	1	2	0	0	0	2	0	0	0	0	0	0	0	0	0	0	0	0	0	1	1	1	1
得	0	1	0	1	0	0	6	1	2	0	3	2	0	2	0	2	3	1	0	1	0	1	2	0	0	1	2	0	3	0	3	0	1	0	4	2	1	1	1	0	0	1	1	0	1	0	2	1	1	0	1	7	0	0	0	1	0	2	1	1	4	2	2	2	9	1	2	4	0	1	8	0	2	0	2	1	2	1	3	4	0	4	0	1	3	6	0	3	0	1	0	0	2	0	1	0	0	1	1	0	2	3	2	2	1	0	0	6	0	0	1	7	1	1	2	7	1	1	0	0	6	0	4	2	3	0	2	3	1	6	0	0	1	1	1	4	0	1	0	0	2	1	0	2	1	0	1	0	0	15	3	2	1	1	9	0	3	1	0	2	2	0	5	10	3	3	4
朝	1	0	0	0	0	0	0	0	0	1	0	0	0	1	0	1	1	2	0	0	0	1	0	0	0	0	0	0	0	0	1	0	0	0	0	0	0	0	1	0	0	0	0	0	3	0	0	1	0	0	0	1	0	0	0	0	1	1	0	0	1	0	0	0	0	0	0	0	0	0	3	1	0	1	0	1	0	2	3	0	0	0	0	0	0	2	0	0	3	0	0	0	0	0	2	0	0	0	0	0	0	1	0	2	0	0	0	1	0	0	0	1	0	0	0	3	0	2	0	1	1	0	1	2	0	0	0	0	0	0	0	0	0	1	0	1	0	1	0	2	0	0	0	2	1	0	0	0	1	4	1	1	0	0	1	0	0	0	0	0	0	0	1	1	0	1	0
亡	0	0	0	0	1	0	1	0	0	0	0	1	0	0	0	0	0	0	0	0	0	1	0	0	0	0	3	0	1	0	0	0	1	0	2	0	0	0	0	0	0	0	0	0	0	1	0	0	0	0	0	3	0	0	0	0	0	0	0	0	0	0	0	0	1	0	0	1	0	0	0	0	0	0	0	0	0	0	1	1	0	0	0	0	0	1	1	0	0	0	0	0	0	0	0	3	1	0	0	0	0	0	1	0	0	1	0	2	0	0	0	0	0	0	0	1	1	0	0	0	1	0	1	4	1	0	1	1	1	1	0	0	0	0	0	0	0	0	1	1	0	0	0	0	0	0	1	1	0	4	0	1	0	1	1	0	1	0	0	0	0	0	0	2	1	1	1
质	0	0	0	0	0	0	0	0	0	0	0	0	0	0	0	0	0	0	0	0	0	0	2	0	0	0	0	1	2	0	0	0	0	0	0	0	0	0	0	0	0	0	0	0	0	0	0	0	0	0	0	0	0	0	1	0	1	0	0	0	0	0	0	0	0	0	0	1	0	0	2	0	0	0	0	0	1	0	0	0	0	1	0	0	0	0	0	0	0	0	0	0	0	0	0	0	0	0	0	0	0	0	0	0	0	0	0	0	0	0	0	0	0	0	0	1	0	0	0	0	0	0	0	0	0	0	0	0	0	0	0	0	0	0	0	0	0	0	0	0	0	0	0	1	0	0	0	1	0	1	0	0	0	0	1	0	0	0	1	0	0	0	0	3	1	0	1
家	1	1	1	0	1	0	2	0	0	0	0	1	0	1	1	1	0	1	0	0	0	1	1	1	1	0	0	1	1	0	1	0	0	2	0	0	1	1	0	0	0	0	0	0	1	0	0	2	0	0	1	1	0	0	1	2	1	0	0	0	0	0	0	1	2	1	0	0	0	0	2	0	0	0	0	0	1	0	0	1	0	1	0	1	1	1	0	1	1	0	0	1	0	0	0	0	1	1	0	0	0	0	0	2	0	0	0	2	0	0	0	0	0	1	1	4	0	0	0	1	0	0	1	0	0	0	0	0	0	1	0	1	0	1	0	2	1	0	0	2	2	0	1	0	0	0	0	1	0	3	1	0	0	0	3	1	1	0	1	1	0	0	0	2	0	1	5
废	2	0	0	0	0	0	1	0	0	2	1	0	0	1	0	0	0	0	0	0	0	0	1	0	0	1	0	0	0	0	1	0	0	0	0	0	1	0	0	0	0	0	0	0	0	0	0	1	0	1	1	0	0	0	0	0	1	1	0	0	1	0	1	4	1	0	0	1	0	0	4	0	1	0	0	0	0	1	1	0	2	0	0	1	0	4	0	2	0	1	0	0	0	0	2	0	0	0	0	0	1	0	0	0	2	0	0	1	0	0	1	1	1	0	1	2	0	0	0	0	1	0	0	2	0	0	0	0	0	2	1	0	1	0	0	0	0	1	1	1	1	0	0	0	0	0	1	0	1	3	0	1	1	0	1	1	1	0	0	0	0	1	2	2	0	1	1
友	1	1	2	0	0	2	1	0	4	1	0	0	0	0	1	1	0	0	0	1	0	0	0	1	2	0	2	0	1	0	1	0	0	0	0	0	0	0	1	1	1	0	0	1	0	0	0	0	1	2	0	1	0	0	0	0	1	0	1	1	0	1	0	0	0	0	0	5	0	1	0	0	0	0	0	1	2	0	2	1	0	2	0	0	0	2	1	0	0	0	0	1	0	0	2	2	0	0	0	0	0	0	0	0	0	0	0	0	2	0	0	1	0	1	0	3	0	0	0	0	5	0	0	0	0	0	0	1	0	0	0	0	0	0	0	3	0	0	2	0	0	0	0	0	0	0	0	1	0	3	0	1	0	0	3	1	2	0	0	1	0	1	0	2	1	0	1
仕	0	0	0	0	0	0	2	0	1	0	0	0	0	0	0	0	0	0	0	0	0	0	1	0	0	1	1	0	0	0	0	0	0	0	1	0	0	0	0	0	0	0	0	0	0	0	0	0	0	0	0	0	0	0	0	0	0	0	0	0	0	0	1	0	0	0	0	1	0	0	1	0	0	0	0	0	0	0	1	0	1	1	0	1	0	2	2	1	0	0	0	0	0	0	1	0	0	0	0	0	0	0	0	0	0	0	0	3	0	0	1	1	0	0	0	1	0	0	0	0	0	0	0	0	0	0	0	0	0	0	0	0	0	0	0	0	0	1	0	1	0	1	0	0	1	0	0	1	1	1	0	1	0	0	2	1	0	0	0	0	0	1	1	2	0	0	3
直	0	1	0	0	0	1	0	0	0	0	1	0	0	0	0	0	0	0	0	1	0	1	1	0	0	0	1	1	0	0	0	0	0	0	0	0	0	0	0	0	0	0	0	1	0	1	0	0	0	0	0	0	0	0	2	0	3	1	0	0	0	2	0	1	1	0	0	2	3	0	2	1	0	0	0	0	2	0	0	1	1	1	0	2	0	3	1	0	1	0	1	0	0	0	0	0	0	1	0	0	1	0	1	0	0	2	1	4	1	0	0	0	1	0	0	3	0	1	0	0	1	0	1	0	0	0	0	0	3	4	1	0	1	0	0	0	0	0	0	0	0	1	1	1	0	1	1	0	0	6	0	0	0	2	4	0	0	0	1	1	0	0	0	3	2	1	3
长	0	0	0	0	0	0	1	0	0	1	0	0	0	0	2	2	0	1	0	0	0	0	1	0	0	1	1	0	0	1	0	0	0	1	0	0	0	0	1	0	0	0	0	0	1	0	0	1	1	0	0	1	1	0	0	0	2	0	0	0	1	0	1	1	0	0	1	0	1	0	1	0	0	1	0	0	0	0	1	0	1	0	0	1	0	1	0	1	2	0	0	0	0	0	2	1	0	0	0	0	1	0	0	0	0	0	0	3	0	0	1	0	0	1	0	2	0	0	0	0	0	0	0	0	0	0	0	0	0	1	0	0	0	0	0	0	0	2	0	0	1	0	0	0	1	0	1	0	0	3	0	1	0	1	1	1	0	0	1	0	0	1	1	4	1	0	1
人	1	1	13	4	5	1	13	0	3	3	6	4	2	5	4	13	4	3	0	1	2	6	5	2	4	1	9	4	7	6	2	0	5	2	3	3	6	3	1	2	3	4	1	3	2	0	1	5	1	1	4	8	3	1	6	2	5	4	4	2	4	4	3	4	12	2	2	9	4	1	19	5	2	2	1	3	5	3	7	5	2	4	2	4	1	19	0	8	5	1	3	2	3	1	6	5	2	0	5	1	4	5	3	3	1	0	3	24	1	2	1	7	2	2	4	26	3	6	3	1	18	0	5	9	6	1	2	5	0	10	1	4	1	4	2	8	2	4	2	15	4	4	1	3	3	3	1	6	3	0	2	4	1	1	19	2	10	0	2	8	1	4	7	30	14	4	11
美	1	0	0	0	0	0	1	0	0	0	1	0	0	0	0	0	1	1	0	1	0	0	0	0	0	0	0	1	0	1	0	0	0	0	0	1	1	0	2	0	1	0	0	1	1	0	0	0	0	0	1	0	0	0	0	1	1	0	0	2	0	0	1	0	0	0	0	0	0	0	1	0	0	0	0	0	0	0	0	0	0	0	0	0	0	1	0	0	1	0	0	0	1	1	0	0	0	0	0	1	0	1	0	3	0	0	0	2	0	0	0	1	0	1	0	1	1	0	1	0	3	0	0	0	0	0	1	1	0	1	1	0	0	0	1	1	0	1	0	3	1	0	0	1	0	0	0	0	0	2	0	0	0	0	2	0	0	1	0	1	0	1	1	2	2	2	0
归	0	0	1	0	0	0	1	0	0	1	1	0	0	1	1	2	1	1	0	0	0	0	0	0	0	0	1	0	0	0	2	0	0	1	1	0	1	0	0	0	0	1	0	0	1	0	0	2	0	0	1	1	1	0	0	0	2	1	0	0	1	0	1	1	3	0	1	1	1	1	2	0	1	1	1	0	0	0	1	0	0	0	0	0	0	0	1	1	1	1	0	0	0	0	0	0	0	1	0	0	1	0	0	0	1	0	1	4	0	0	0	1	1	0	2	3	0	0	0	0	2	0	1	1	0	0	0	0	1	3	0	0	1	0	0	0	0	0	0	2	1	1	0	0	1	1	1	0	1	4	0	0	2	0	3	0	1	0	0	0	0	0	1	2	3	1	3
简	0	0	0	0	0	0	0	0	0	0	1	0	0	1	0	0	0	0	0	0	0	0	0	0	0	0	0	0	0	0	1	0	0	0	0	0	1	0	0	0	0	0	0	0	0	0	0	1	0	0	1	0	0	0	0	0	1	1	0	0	1	0	0	1	1	0	0	1	0	0	2	0	1	0	0	0	0	0	0	0	0	0	0	0	0	0	0	1	0	1	0	0	0	0	0	0	0	0	0	0	0	0	0	0	1	0	1	1	0	0	0	1	1	0	1	1	0	0	0	0	1	0	0	1	1	0	0	0	1	2	0	0	1	0	0	0	0	0	0	1	0	0	0	0	1	0	0	0	0	1	0	2	0	0	1	0	1	0	0	0	0	0	1	0	0	1	0
荡	0	0	0	0	0	0	0	0	0	0	0	0	0	0	0	0	0	0	0	0	0	0	0	0	0	0	1	0	1	1	0	0	0	0	0	0	0	0	0	0	0	0	1	0	0	0	0	0	0	0	0	1	0	0	0	0	1	0	0	0	0	0	0	0	2	0	0	1	1	0	0	0	0	0	0	0	0	0	1	0	0	0	0	1	0	0	0	0	0	0	0	0	0	0	0	0	0	0	0	0	0	0	1	0	0	2	0	1	0	0	0	0	0	0	0	1	0	0	0	0	1	0	1	0	0	0	0	0	2	2	0	0	1	0	0	0	0	0	0	1	0	1	0	0	0	0	0	2	1	1	0	0	0	0	1	0	0	0	0	0	0	0	0	2	0	0	0
仁	3	0	4	1	2	0	8	0	2	4	6	0	2	1	2	4	2	0	0	2	0	3	2	0	2	1	4	2	2	1	2	2	2	1	2	1	3	2	2	0	2	1	1	1	0	2	0	2	0	0	2	5	0	1	3	0	5	3	0	1	2	1	0	2	6	0	1	4	6	1	5	1	2	1	0	1	4	2	0	3	0	4	0	4	0	5	2	1	0	2	3	1	2	1	2	3	0	1	0	1	0	2	1	1	1	1	1	16	0	0	0	3	2	4	4	11	1	1	0	1	3	0	2	2	3	0	1	5	1	9	1	3	2	1	1	2	0	4	0	9	1	1	1	3	1	3	2	4	1	19	2	3	1	1	0	0	2	0	0	4	1	0	3	9	5	3	5
止	1	0	0	0	1	0	2	0	1	0	0	1	0	1	1	0	0	0	0	0	0	0	1	1	0	1	0	0	1	0	0	0	0	1	0	0	1	1	0	0	0	0	0	0	0	0	0	1	0	1	1	0	0	0	0	1	0	0	0	0	1	1	1	1	0	1	0	0	0	0	1	0	0	0	0	0	0	0	2	0	1	0	0	1	1	3	0	3	1	0	0	1	0	0	1	0	1	0	2	0	1	0	0	0	0	0	0	1	0	0	1	0	0	0	0	1	0	0	0	0	1	0	1	0	0	0	0	0	0	0	0	1	0	0	0	0	1	1	0	0	0	0	0	1	1	1	1	0	1	2	0	0	0	0	0	0	1	0	1	0	0	1	1	2	0	0	1
过	1	2	3	0	1	0	3	0	2	0	1	1	0	2	1	1	0	0	0	0	0	0	1	1	0	0	4	1	2	1	1	0	1	1	0	0	2	1	1	1	0	0	0	0	0	0	1	2	0	0	3	1	2	0	0	1	0	1	2	0	1	0	0	3	2	1	0	4	1	0	5	0	1	1	0	1	1	0	1	0	0	1	0	0	0	3	0	2	1	2	0	1	0	0	0	1	2	0	2	0	1	0	0	0	1	0	2	5	0	1	0	3	1	0	1	7	0	3	1	0	1	1	2	2	0	0	0	1	0	1	0	1	1	1	0	2	1	0	0	3	0	1	0	1	1	2	0	0	0	10	0	1	1	0	2	1	0	1	1	0	0	0	2	7	2	1	1
诗	0	0	0	0	0	0	0	0	0	0	0	0	0	0	0	2	0	0	0	0	0	0	0	0	0	0	2	1	0	0	0	0	0	0	0	0	0	1	0	0	0	0	1	0	0	0	0	0	0	0	0	0	0	0	1	0	0	0	0	1	0	1	0	0	0	0	0	0	0	0	0	0	0	0	0	0	0	0	1	0	0	0	1	0	0	0	0	0	0	0	0	0	0	0	0	1	0	0	0	0	1	0	0	0	0	0	0	2	0	0	0	1	2	0	0	5	0	1	0	0	0	0	0	0	0	0	0	0	0	0	1	0	1	0	0	0	0	0	0	1	0	0	0	0	0	0	0	0	0	0	1	0	0	0	0	0	1	0	0	1	1	0	0	1	5	1	0
孙	1	0	0	0	1	0	1	0	0	0	0	1	0	1	1	0	0	0	0	0	0	0	1	1	0	0	0	0	1	1	0	0	0	1	0	0	1	1	0	0	0	0	0	0	0	0	0	1	1	0	2	1	0	0	0	1	1	0	0	0	0	0	0	1	0	2	0	1	1	0	2	0	0	0	1	0	0	0	0	0	0	0	0	0	0	1	0	1	1	0	0	1	0	0	0	1	1	0	0	0	0	0	0	1	0	0	0	1	0	0	0	1	0	0	0	2	0	0	0	0	0	0	1	0	0	0	0	1	0	0	0	2	0	0	0	0	1	0	0	0	0	0	1	1	0	0	0	1	1	2	0	0	0	0	0	1	1	0	0	1	0	0	0	3	2	0	2
怨	0	0	1	0	0	0	3	0	0	1	1	0	0	0	0	0	1	0	0	2	0	0	0	0	2	0	2	1	0	1	1	0	0	0	0	1	1	1	1	1	0	0	1	0	0	0	0	0	0	0	0	0	0	0	1	0	0	1	1	2	0	2	0	0	1	0	0	0	0	0	2	0	0	0	0	0	0	0	1	1	0	1	1	0	0	0	0	1	0	0	0	1	2	0	0	0	0	0	0	0	0	1	1	0	0	0	0	2	0	0	0	1	1	2	1	2	0	0	0	0	0	0	1	0	1	0	1	3	0	2	0	1	0	0	1	1	0	1	0	2	0	0	0	1	0	1	0	1	0	8	1	0	0	0	4	0	0	1	1	0	0	0	1	2	0	1	1
思	0	0	0	0	0	1	1	0	1	1	0	0	1	0	0	1	1	0	0	0	0	1	3	0	0	0	3	0	1	0	1	0	0	0	0	0	0	0	0	0	0	1	0	0	0	1	0	0	0	0	0	0	0	1	0	0	0	0	0	0	1	0	1	1	0	2	0	0	1	0	1	0	0	0	0	0	1	0	0	1	0	1	0	0	1	0	0	0	0	0	0	0	0	0	0	0	1	0	0	0	0	0	0	1	0	0	0	1	0	0	1	0	0	1	0	3	0	0	0	0	0	1	0	2	2	0	0	1	0	0	0	1	1	0	0	1	0	0	0	2	0	0	0	0	0	0	0	0	0	1	0	0	0	0	1	0	0	1	0	0	0	0	1	2	1	0	0
节	0	0	0	0	0	1	1	0	0	0	0	0	0	0	0	1	0	0	0	0	0	0	1	0	0	1	0	0	0	0	0	0	0	0	0	0	2	0	0	0	0	0	0	0	0	0	0	1	0	0	0	0	0	0	0	1	1	0	0	1	0	0	1	0	0	0	0	1	0	0	2	0	0	0	0	1	0	0	1	0	1	0	0	1	0	4	0	1	0	0	1	0	0	0	1	0	0	0	0	0	0	0	0	0	0	0	0	3	1	0	1	0	0	0	0	0	1	0	0	0	1	0	0	1	1	0	0	0	0	1	0	0	0	0	0	1	0	1	0	0	0	0	0	0	1	1	1	0	1	4	1	0	0	0	0	1	0	0	0	0	0	0	1	2	2	0	0
食	1	0	0	0	3	1	3	0	0	1	1	0	1	1	2	4	1	0	1	1	0	3	2	1	0	2	3	0	0	0	3	0	0	0	1	0	2	2	4	1	2	0	1	0	1	0	1	1	1	0	1	1	0	0	0	0	3	2	0	0	3	2	1	4	2	0	0	3	0	0	3	0	1	1	0	0	1	0	4	0	1	2	0	2	0	5	1	3	3	2	1	0	1	1	2	1	0	1	0	1	0	3	1	1	1	0	0	2	0	0	2	3	1	0	2	4	2	0	0	0	3	0	0	2	1	0	0	2	0	2	1	0	1	0	0	2	0	1	0	5	1	0	0	0	2	0	1	0	1	7	1	1	1	0	3	1	2	0	0	1	1	1	0	7	1	3	0
君子	1	0	6	3	5	0	8	0	2	1	2	3	1	2	5	5	2	1	1	3	0	4	7	2	1	2	10	1	6	18	0	2	4	2	1	2	4	3	4	1	1	2	3	0	1	2	2	2	1	0	2	4	3	1	1	3	8	3	2	2	3	1	2	4	8	1	2	4	5	2	10	1	0	1	0	1	0	1	2	5	2	5	0	4	2	17	3	3	3	0	2	1	3	0	3	2	3	3	3	0	3	4	0	0	0	0	3	13	0	2	3	3	3	2	2	19	3	3	0	0	7	1	4	3	4	1	3	3	0	7	1	2	0	2	2	2	3	4	1	10	1	2	3	2	2	2	2	3	4	30	2	2	0	2	9	2	7	1	3	2	2	2	7	0	12	3	4
礼	0	0	1	0	1	2	3	0	1	1	1	1	3	0	2	11	1	2	0	1	0	4	4	0	0	1	5	1	5	1	1	0	0	1	4	0	3	1	1	2	1	1	1	0	2	1	0	3	1	1	2	2	2	1	0	1	4	2	2	2	3	1	1	1	4	1	2	3	4	1	3	0	1	1	3	1	0	0	4	3	0	1	0	1	1	4	1	2	2	0	2	1	0	0	0	1	1	1	2	0	2	1	0	0	0	0	1	12	2	1	0	3	3	1	1	11	2	2	1	0	3	0	1	4	4	0	1	0	0	7	2	1	0	0	0	1	0	0	1	3	0	1	1	0	0	1	0	2	1	14	2	3	0	0	5	0	2	5	2	0	1	2	1	12	0	2	2
富	0	0	0	0	1	1	2	0	1	0	2	1	0	1	0	2	0	1	0	0	0	2	2	0	0	0	1	0	0	0	1	0	0	0	1	0	1	4	1	1	0	0	1	0	1	1	0	1	0	0	1	3	0	0	1	0	2	1	1	2	1	0	0	2	4	1	0	3	0	0	1	2	1	1	0	0	1	1	0	1	1	0	0	1	0	2	0	1	0	1	2	0	0	0	0	1	1	0	0	0	1	0	0	2	1	0	1	2	0	0	0	1	1	0	1	2	4	1	0	0	3	0	1	2	1	0	0	1	0	1	0	0	1	1	2	1	1	0	1	3	1	1	0	1	1	0	0	1	0	4	2	1	1	0	3	0	1	1	0	1	0	0	3	3	2	0	1
邦	1	0	1	0	1	0	4	0	2	1	0	1	0	1	2	4	0	1	0	0	0	1	1	1	1	1	2	1	1	0	1	0	0	2	1	0	1	2	0	2	0	0	0	1	1	2	0	2	0	0	1	2	1	0	2	2	4	0	1	0	1	1	1	2	2	3	2	2	1	2	5	0	0	1	2	0	3	0	3	2	1	2	0	2	1	8	2	2	3	0	0	1	0	0	0	0	1	1	0	0	3	0	0	0	1	1	0	7	0	0	0	2	1	2	1	9	1	0	0	0	4	0	1	0	1	0	0	1	0	2	1	1	0	0	0	2	1	1	1	4	0	1	1	5	1	1	3	3	1	11	0	3	0	0	5	1	1	0	2	1	0	0	0	4	2	1	0
